55.803	66.197	0
50.303	22.701	1
56.098	69.902	1
5	68.598	0
16.799	2.7	1
22.6	45.898	1
60.799	75.902	0
99.803	10.401	0
29.498	82.303	0
97.795	9.9	0
55.197	76.303	1
45.898	22.201	0
9.9	65.803	0
9.9	65.803	0
9.9	65.803	1
41	94.5	1
64.303	7	0
17.1	56.402	1
7.1	56.697	0
14.301	96.5	0
0.1	75.902	0
67.902	4.7	1
85.098	7.1	1
65.697	72.394	0
6.8	80.803	1
36.799	74.697	0
30.898	57.205	1
66.295	88.5	1
68.803	99.697	0
39.799	15.701	1
47.5	37.402	0
10.401	43.902	0
83.303	98.5	1
93.197	98.697	1
28.201	34.5	0
86.697	1.7	0
26.1	77.803	0
25.799	30.199	0
99.5	51.701	0
36.799	68.803	1
42.898	84.795	0
90.5	99.098	0
36.799	24.5	0
91.697	39.701	0
96	64.205	0
10.7	15.9	0
73.902	23.299	1
87.402	87.598	0
13.6	88.902	0
65.697	2.2	1
44.803	65.205	1
82.803	11.8	0
9.099	15.4	1
17	42.098	0
74.197	28.701	0
25.402	24.799	0
96.402	25.6	0
90.697	44.299	1
23.4	68.402	0
87.5	11.4	1
4.8	24	0
37.701	66.795	1
99.598	18.701	0
21.4	4.9	0
67.295	84.402	0
66.5	13.3	1
36.799	74.5	0
91.394	2.9	0
17.299	4.1	1
68.902	8.2	1
8.6	89.902	0
78.598	55.5	1
87.197	39.299	1
48.402	42.398	1
51.5	9.6	1
71.402	77.303	1
86.197	1.7	0
19.402	53.102	1
58.898	55.697	0
96.402	23.701	0
95.402	97.098	1
39.701	42.5	0
92.295	47.799	1
28.5	99.803	0
65.106	3.8	1
43.701	83.705	1
33	93.902	0
33.299	32.303	0
28.098	29.699	1
40.5	35.701	0
82.5	98.402	1
27.4	20.5	1
24.4	94.803	0
58.799	23.701	1
24.699	95.705	1
63	4.9	0
18.9	7.1	1
18.098	64.205	0
99.902	54.004	1
30.002	83.098	0
52.299	96	1
15.9	64.705	1
1.9	58.996	0
83.902	98.098	1
24.799	76.205	1
79	30.701	1
63	68.598	1
97.098	19.5	0
19.301	45.697	0
24.799	21.699	1
16.799	60.398	1
52.201	58	1
81.803	85.5	0
16.1	70.303	0
10.2	22	0
59.299	13.099	1
2.3	84.098	1
48.697	57.598	1
8	33.197	1
44.803	52.299	1
98.795	25.799	1
11.1	74.598	0
16.9	67.295	0
65.303	31.799	1
63.803	41.5	1
98.197	24	1
17	31.5	1
38.5	41.5	0
36.701	32.201	1
67.197	40.098	0
74.402	10	0
76.205	44.803	0
7.8	16	0
86.902	63.098	1
68.098	54.902	1
4	96.5	1
18.098	24.299	0
72.697	8.901	1
76.303	71.303	0
67.197	71.106	1
43.398	91.197	0
18.199	1.7	1
7.7	96.803	0
0.3	23.4	0
36.598	61.795	0
33.197	70.303	0
51.5	13.401	1
68	19.9	1
47.299	84.5	1
17.701	22.799	1
83.902	15.299	1
99.803	57.799	1
43.598	62	1
35.201	8.8	0
73.902	40.598	0
65.106	46.098	0
90.106	48.299	1
66.295	90.106	0
32.701	4.5	1
12.8	43.598	1
50.197	17.4	1
71.5	21.799	0
78.5	10.401	0
18.701	98.295	1
75.902	34.402	0
86.598	65.697	1
88	42.398	0
97.894	19.5	1
98.402	74.098	1
58.398	67.197	1
4.1	95.205	0
41.5	52.102	0
75.098	18.4	1
29.1	11.599	1
37	62.402	1
24.799	21.4	1
62.402	79.697	1
67.795	65.697	1
23.4	62.803	0
62.598	72.894	1
34.402	24.9	0
28.098	84.303	0
37.402	47.402	1
83.902	60.004	1
82.5	70.902	1
37.598	40.902	0
62.098	38.402	1
6	79.5	0
39.299	21.6	1
35.201	6.1	1
19.799	8.299	1
12.2	55.098	0
27.5	4.9	1
26.9	44.5	1
38.803	15.2	1
7.8	15.6	0
86.795	13.6	1
35	89.303	0
50.5	24.799	1
17	81.5	1
54.201	3.1	0
4.2	51.201	0
41.803	39.398	1
99.295	71.902	1
77.606	64.902	1
16.5	91.902	1
69.5	87.803	0
55.295	95.803	1
36	93.697	0
13.2	56.598	0
78.098	0	0
77.902	50.705	0
23.9	27.902	0
72.5	28.9	0
55.902	78.697	1
45.201	38.299	1
57.303	44.602	0
1.6	81.598	0
52.496	14.201	1
65.902	92.5	0
7.2	9.5	0
77.705	60.201	0
65.902	36.299	0
59.504	20.4	1
31.402	1.6	0
89.402	79.795	0
30.4	39.5	1
28	18.299	0
56.5	29.6	0
83.5	41.299	0
59.602	54.598	0
76.5	77.606	1
94.598	75.402	1
22.9	21.9	0
30.5	29.4	1
89.606	91.295	1
44.102	72.098	1
69.098	16.598	1
53.201	84	1
67.098	90.803	1
2.6	6.2	0
21.1	0.6	0
89.606	74.295	0
35.402	82.098	1
89.205	87.803	0
26.699	42.697	0
21.9	30.799	1
69.303	46.598	1
24.6	72.5	1
60.102	18.6	0
27.799	46.598	1
99.197	12.5	1
97.197	84	0
34.799	75.598	0
51.098	79.902	0
28.602	59.799	1
47.201	3	0
14.1	54.402	1
56.303	22.5	0
9.701	16.598	1
97.295	22.5	0
53.602	47.602	0
94.098	14.1	0
0.4	65.902	0
19.699	33.898	0
59.102	44.701	0
60.701	69.803	1
32.602	5.3	1
9.4	20.701	0
59.799	7.4	1
35.402	51	1
21.199	90.902	0
46.799	13	0
57.902	19.6	0
16.598	64.803	0
92.902	20.701	1
5.5	52.701	0
43.201	85.197	0
49.398	44.201	0
41.299	62.697	1
27.902	52	1
35.602	51.898	0
96.106	54.701	1
58.602	39.5	0
6.5	24.1	0
17.9	66.098	0
10.5	90	1
78.303	7.1	1
52.701	35.602	0
88.803	49.398	1
3.5	75.197	0
79.295	66	1
11.5	17.201	1
72.795	25.701	0
53.701	79.902	1
83	54.402	0
59.504	16.598	0
85.394	43.5	1
54.201	80.098	1
52.996	12.9	0
30.4	95.303	0
12	46.201	0
41.602	5.7	0
99.295	97.295	0
75	61.902	1
21.199	29.301	0
65.5	23.6	0
30.4	97	0
38.902	56.303	0
69.598	96.205	0
95.5	42.299	0
10.9	5.7	1
57.902	73.197	0
34.098	34.799	0
49.902	27.002	1
67.098	50.902	1
3.5	19.1	0
90.402	52.996	1
65.402	60.299	0
11.901	27.902	0
28.799	31.602	0
3.6	69.598	0
22.402	97.5	1
27.201	81.098	0
3	9.3	1
61.598	62.902	0
27.902	2.4	1
54.299	0.6	0
31.299	9.8	0
11.5	17.9	0
32.402	50.902	1
7.3	20.801	0
90.803	77	0
55	76.803	1
12.5	78.894	1
41.201	16.598	0
60.602	62.902	1
73.295	94.303	1
18.5	42.598	1
20	18.299	1
91.598	46.902	1
25.701	1	0
79.098	85.598	1
32.602	77.606	0
30.4	10.9	0
89.402	18	1
46.902	87.303	0
16.4	92.098	1
97	35.602	0
2.4	5.6	1
33.098	51.402	1
23.199	37.5	0
27.299	70.598	0
65.402	19.6	1
47.602	48.201	0
62.902	23.6	1
3.5	72.197	1
81.303	1.5	0
67	70.5	1
61.697	24.201	1
8.5	23	0
26.6	0.8	1
96.697	41.299	0
72.295	56	1
53.398	63.402	0
4.2	14.8	1
94.705	66.098	1
31.602	69.705	0
84.197	45.799	1
31.602	85.295	1
66.697	60.602	1
57.902	47.098	1
21.199	56.803	0
76.705	33.898	0
67.402	79.197	1
76.803	40.799	1
42.598	52.701	1
50.402	53.504	0
71.205	70.5	0
28.9	66.394	0
46.799	89.098	1
24.6	92.598	1
4.4	90	1
39.398	59.799	1
84.197	3.5	1
32.799	46.902	1
12.9	29.4	0
3.6	31.602	0
61.697	55.402	1
59.701	35.299	1
0.9	6.7	1
85.795	61.902	1
53.201	65.598	0
82.205	0.5	1
72.295	3.9	0
79.795	59.799	0
87.803	73	0
61.5	53.799	0
35.902	23.801	1
70.803	96.902	1
14	6.7	1
20.6	26.199	0
34.598	50.598	1
57.701	61	0
95.902	49.201	1
38	71	0
38.602	35.902	1
88.598	92.197	0
87.697	48	0
2	47	0
66.902	21	0
13.9	60.902	1
72	88.598	1
61.5	4.6	1
90.205	60.902	1
7.1	26.301	1
89.705	47	1
64	5.2	1
41.402	7.1	0
63.701	22.301	0
85.902	50.803	0
92.402	80.902	1
77.205	94.902	0
15.099	17.801	1
77.205	53.799	1
84.598	14.901	1
31.701	90.598	0
39.898	73	0
96.598	86.295	1
39.898	22.1	0
99	94.902	1
6.3	53.299	0
99	68.303	1
16.201	49.799	1
36.098	47.701	1
58.496	17.5	0
90.205	46.299	0
73	62.303	1
52.799	34.902	1
7.3	25.5	1
94.902	49.299	1
38	15.001	1
35.799	39.898	1
61.299	13.7	0
9	92	1
7.5	26.801	0
5.3	82.402	0
25.299	6.6	1
73.697	39.201	1
12.3	17.801	1
29	91	0
1.4	96.303	1
21	88.402	0
29	13.799	1
30.301	14.901	1
86.5	94.902	1
51.598	90.598	0
98.598	40.201	1
75.303	5.2	1
89.705	76.098	1
36.398	50.803	0
49.5	70.402	1
93.598	56.902	0
42	81.902	1
38	89	1
51.799	46	0
25.299	26.301	0
85.902	65	1
66.598	42.799	1
10.599	70	1
58.496	44.902	1
21.299	45.5	0
64.5	6.7	1
25.098	8.4	0
45.5	2	0
10.1	58.299	0
46.398	7.901	0
90.303	45.299	0
80.598	31.902	0
55.598	31.902	1
3.2	45.299	1
59.398	98.902	0
49	53.299	0
64.098	58.701	1
52.898	62.5	0
77.402	47.701	0
1.8	39.201	0
64.606	45.598	0
97.394	44	1
40.402	73.697	0
59.201	26.199	0
14	82.902	1
93.598	17.6	0
96.598	98.902	0
54.799	38.102	0
58.098	55.598	0
93.098	76.402	1
93.5	38.602	1
35.799	32.102	0
3.2	85.902	1
53.799	20.201	1
88.598	68.697	1
3.7	80.697	1
71.598	5.8	1
31.098	34	1
64.098	46.701	0
98.902	98	0
88.098	5.9	0
91.5	51.598	1
79.402	73.697	0
38.701	88.205	0
19.201	68.303	1
82.705	76	1
49.701	59.898	1
39	26.498	0
71	54.799	1
77.106	58.701	1
49.5	1.4	0
16.301	96.598	0
23.801	60.5	0
59.898	40.299	1
27.299	61.197	0
6.8	96.106	1
44.902	15.801	0
2.3	23.199	1
46.398	38.701	0
88.803	65.697	0
17.6	51.799	0
74.598	61.098	0
43.701	93.598	0
80	86.5	0
80.197	12.701	1
98.197	14.599	1
88.803	40.299	0
71.402	28.701	1
7.1	74.803	1
68.197	57.799	0
71.205	94.402	0
44	10	0
23.4	18.799	0
37.098	95.098	1
53.898	32	0
0	32.602	0
26.6	93.598	0
24.1	94.705	1
65.106	19.201	1
81.303	43.902	0
4.2	28.098	1
26.498	15.099	0
46.701	44.102	0
42.799	6.8	0
4.9	43.902	1
1.7	65.902	1
58.996	42.299	0
67.197	88.705	1
98.697	25.9	0
14.201	39.598	1
1.6	17.9	1
34.299	35	0
52.602	61.299	1
44.102	74.5	0
90.697	64.902	0
93.902	46.598	1
8.6	6.3	1
22.1	6.1	0
69.098	30.598	0
61.795	96	0
10.5	29.6	0
57.902	96	0
72.197	79.402	1
65.402	8.299	0
31.5	89.803	0
1.5	55.803	0
18.098	82.705	0
98.098	12	0
43.598	67.697	0
29.699	34.201	1
39	71.205	0
91.394	16	0
10.1	78.5	1
26.801	74.803	1
6.4	60.299	0
11.4	49.799	1
89.5	61.598	0
74.598	61.598	0
66.197	36.098	0
20.1	66.197	0
25.201	73.697	1
44.602	72.394	0
6	92	1
21.1	54.701	0
52.299	5.5	1
7.3	44.201	0
1.9	4.8	0
17.1	49	0
68	70.402	1
90.205	68.402	0
13	27.1	0
14.301	89.705	1
12.2	56.697	1
90.106	59.398	0
46.398	91.5	1
5.7	81.803	1
41.201	35.402	1
20.4	78.402	1
64.303	83.606	1
72	92.098	0
27.598	92.402	1
80.902	27.701	0
45.201	87.803	0
76.5	87.303	1
99.902	71.598	0
93	71	1
63.205	19.6	0
62.197	59.102	1
45.102	72.394	1
27.701	69.598	0
15.299	57.598	0
43.098	42.098	1
53.201	19.5	0
83.205	99.295	1
19.5	4.4	1
66	81.697	0
69.5	25.9	1
62.598	44.803	1
84.697	14.901	0
75.197	94	1
12.2	5.2	0
16.799	19.201	1
5.2	36.197	0
40.098	76.303	1
36.197	30.301	1
11.3	32.102	0
25.701	41.701	1
38.602	9.701	1
0.3	11.599	1
49	13.501	1
94.803	97.098	0
80.697	49.098	0
74	51.701	1
95.5	38.5	1
10.2	36.299	1
4.5	77	0
69.598	19.201	0
28	86.697	0
90.803	70.598	1
25.5	74.098	1
68.697	69.705	1
26.498	39.701	1
27.1	60.602	1
75.402	68.5	1
3.5	61.402	0
57.799	13	0
63.701	13.501	1
93.803	87.902	1
18.701	25.701	1
77.205	35.402	1
61.5	81.598	0
55.5	42.898	1
2.7	18.6	0
47.5	7.2	0
15.299	26	0
88.902	37.299	0
68.197	40.201	1
83	29.199	1
50.098	26.199	1
99.197	93.598	0
72.197	36.098	1
34.5	96.205	0
50.303	0.8	1
68.402	43.701	0
70	44.803	1
59.799	44.902	0
98.598	75.705	0
81.803	66	0
76.902	2.4	0
27.201	43.799	1
1	23.9	1
93.402	65.106	1
41.803	62.5	1
75	36.598	1
91.295	60.201	1
48.201	35.602	1
28.098	90	0
81.402	44.701	0
75.5	39.098	0
67.795	30.1	1
29.4	69.803	0
49.598	36.799	1
39.299	29.801	1
83.402	95.803	1
93.098	80.197	0
96.697	73.197	0
97.697	49.201	1
71.803	62.303	0
85.598	14.301	1
74.697	34.701	0
51.598	56.197	1
7.5	12.8	1
28	64.705	1
9	76.902	0
87.098	34	0
94.303	5.5	1
33.799	79	1
37.799	63.803	1
13.799	73.402	1
76.402	73.295	1
40.902	32.902	1
70.402	25.201	0
98	28.201	1
96.106	94.5	0
30.799	67.5	0
38.902	56.402	1
28.602	10.1	1
77.606	95.598	1
17.5	50	0
58.799	87.303	1
76.303	16.598	0
43.098	26.699	1
39.201	14.901	1
70.098	61.795	1
63.902	22.6	0
46.299	14.4	1
45.102	74.902	1
63.598	19.699	1
22.1	73.795	0
84.795	56.098	1
97.394	11.8	0
25.098	17.5	1
70.205	73.902	1
75.5	68.803	0
54.102	15.2	0
73.197	14.1	1
92.098	97.295	1
2.2	95.303	1
52.799	7	1
16	50.197	0
43.799	11.7	1
71.598	3.1	0
19.201	14.901	0
99.5	52.602	0
40.201	94	0
25.799	9.6	0
17.4	70.402	0
98.902	40.5	1
51.799	25.299	1
64.303	15.6	0
54.004	78.197	0
2.6	95	1
26.301	12.3	0
29.301	11.4	0
77.705	25.701	0
37.098	31.299	0
19.201	8	1
69.803	21.799	0
35.299	48.898	0
9.099	33.701	1
96.303	29.498	0
92.795	62	0
81.098	60.799	0
57.098	84.697	0
91.598	44.299	1
23.299	40.799	1
98.598	43.598	0
5.5	58.098	1
98.295	53.299	1
51.5	66	1
22.1	59.201	1
88.598	67.5	1
91.598	81.098	1
58.496	74.598	0
31	37	0
47.799	55.697	0
8.2	69.902	1
36	19	0
44.701	87.803	0
97.394	38.701	1
35.299	59.602	1
24.299	70.803	1
4.8	26.6	0
17.801	60.799	1
47.098	38.201	1
58.398	2.4	0
59.398	5.7	0
64.205	27.598	0
50.803	26.1	1
17.701	33.299	0
79.098	33.598	1
32.303	94.598	0
90.106	84.197	1
91.598	7.901	0
22.402	74	0
2.1	28.299	0
2.1	9.701	0
85.902	76.803	0
47.799	90.5	0
6.7	20.902	1
92.697	33.197	1
86.098	55.098	0
98.5	34.799	1
35	94	1
22.201	40.598	0
20.299	68.402	0
87.598	26.699	0
57.098	32.799	0
60.602	66.5	1
95.598	23.701	0
94.303	28.701	0
84.795	62.098	0
38.402	28.098	1
88.902	28.5	1
45.102	32.102	0
17.1	39	1
75.303	60.701	0
40.098	33.5	0
13.799	73	0
80.295	1.9	1
65.902	1.5	1
62.197	71.902	0
76.5	52.201	1
70.803	66.394	0
34.701	67.5	1
69.402	60.201	1
21.9	2.6	0
36.799	32.303	1
87.303	81.303	0
60.398	63.303	0
49.701	88.902	1
32.102	99.295	1
8.4	45.598	0
42	15.4	0
7.6	17.9	0
3.2	23.299	0
61.902	34.402	0
1.8	3.9	1
31.299	26.1	0
7.2	67.197	0
24.5	32.602	0
58	32.5	0
9.4	86.598	0
57.205	14	0
89	84.5	1
20.4	40.5	0
72.598	16.201	0
5.3	45.697	1
55.902	38.299	1
29.498	99.902	0
78.5	31	1
45.299	36.701	0
63.803	44	0
44	99.402	0
42.5	35.701	0
23.9	74.5	1
22.701	93.803	0
22.1	23.701	1
42.201	59.398	0
46	65.5	1
10.5	32	0
81.697	17.801	0
13.9	56.303	0
28.701	5.4	1
32.303	45.102	0
9.701	84.5	0
6.3	84.402	1
49	57.098	1
75.5	91.197	0
32.701	61.795	1
19.699	9	1
16.799	3.5	1
88.705	78.402	1
92.197	92.402	1
71.598	16.799	0
64.803	28.602	1
69.5	43.902	0
73.197	97.394	0
62.402	15.701	1
72	88.705	0
25.6	44.5	1
13	58.201	0
59.898	44.402	1
88	29.4	1
74.803	32	0
35.102	15.701	0
77.303	84.303	1
29.1	59.898	0
62.303	46.299	1
14.599	64.902	1
7.2	18.799	0
76.098	81.598	1
80.295	19.301	1
70	26.699	0
65.303	72	1
82.402	89.402	0
20.6	70.803	1
1.9	61.697	0
43.299	64.705	1
67	35.299	1
12.701	55.098	0
57.701	7.7	1
72	40.799	1
65.598	1.9	1
3.6	29.699	1
51.701	66	0
24.201	66.394	0
50.197	9.3	1
7.901	83	1
63.303	51.201	1
81.697	82.705	0
68.5	61	0
6	7.3	0
92.197	3.8	1
95.705	93.197	1
45.201	39.398	1
44.5	51.701	1
76.402	82.5	1
19.201	52.299	1
85.598	48.102	0
23	39.5	0
66	88.5	1
79.402	47.299	1
88.803	2.9	1
13.7	39.201	1
37.098	61.197	0
36.598	53.398	1
63.303	86.697	0
90.803	46.799	0
62.598	38.102	0
98.598	11.599	0
13.099	89.902	1
68.598	85.098	1
83.205	76	1
22.701	2.6	0
49	30.301	1
81.303	43.098	0
5.3	0.4	1
71.902	90.5	0
94.197	67.197	1
86.697	94.098	0
45.102	92.098	0
13	77	0
84.303	40.098	0
57.205	77.205	1
84	93.402	1
15.4	19.1	1
92.197	64.205	1
33.701	51.303	1
39.799	99.598	1
21.799	39.701	1
54.201	56.697	0
12.9	79.697	0
41.102	60.902	0
59.398	42.398	1
30.4	36.598	0
89.098	79.697	1
80.098	54.201	1
29.4	33.5	1
3.5	70.902	0
91.697	65.697	0
74.197	89.705	1
97.894	55.598	0
58.496	7.3	1
16	71.803	0
77.303	32.402	1
67.697	29.301	1
46.799	72	1
48.898	44.5	0
6.7	81.197	0
34.701	36.598	1
62.197	28.799	1
57	30.5	1
57.902	49.098	1
69.705	20.4	1
47.402	18.9	1
77.402	82	0
89.902	22.201	1
33.398	25.098	0
19.301	39.898	0
11.3	70.705	1
66.098	28.799	1
46.799	0.9	1
34.098	57.701	0
47.799	58.098	1
35.902	86.902	0
56.197	93.803	1
62.5	98	1
76.705	60.102	1
57.098	76.803	0
53.299	52.996	1
50.303	77	1
94.5	74.902	1
57.5	54.201	0
97.795	95.705	1
36	19.6	0
19.699	97.5	1
23	34.402	1
11	25.098	0
0.9	25.201	0
18.4	20.801	1
47.799	55.697	1
94.303	82.803	1
58.398	5.1	1
31.602	7.6	0
79.197	35.701	1
34.402	80	0
24.299	28.5	0
50.098	18.701	0
96.303	47.098	0
79.295	52.996	0
1.7	87.197	0
61.197	57.902	1
4.1	70	1
70.803	59.201	0
63	68.803	0
12.701	81.197	1
61.598	33	0
24.201	52.496	0
31.5	71	0
55.098	14.599	0
65.106	15.4	1
56.303	67.902	0
89.205	32.402	0
24.9	67.098	1
95	84.197	0
47.299	93	0
63.303	66.697	0
83	6.3	0
11.7	24.4	1
25.5	55.402	1
67.795	96.5	0
63.5	67.402	1
35.799	86.098	1
17	99.697	1
48.299	99.5	1
31.299	2.1	1
1.8	80.697	1
97.394	23.9	0
66	84.795	0
73.402	22.402	0
81.697	40	1
90.803	82.705	0
76.205	65.303	0
29	76.205	1
41.102	84.795	1
9.2	99.295	1
40	92.295	0
0.3	63.303	1
44.701	27.1	1
48.799	31.5	0
99.098	1.2	0
17.801	39.398	0
15.9	64.5	1
48.102	95.902	0
13.9	18.6	1
0.4	66.295	0
7.4	40.701	1
3.2	46.398	0
49.902	27.002	0
70.5	3.6	0
3.3	83.303	0
91.795	70.902	0
89.303	30.598	0
26.4	48.102	1
9.099	43	1
84.402	96	0
35.902	46.299	1
69	29.199	1
3.4	97.795	0
87.598	19.1	0
39.098	96.106	0
7.4	59.602	0
85.902	80.902	1
20.5	2.3	0
71.697	48.598	0
75.598	27.002	0
2.6	73.295	1
85.197	90.803	1
2.7	15.4	0
18.6	10.8	1
42.697	89.205	0
77.402	81.902	0
88.402	42.201	0
43.201	22.5	1
52.996	33.5	1
53.398	69.705	0
33	62.803	1
23.4	88.598	0
77.106	76.402	1
14.1	86.402	1
13.401	40.5	0
8.8	33.598	1
12.3	53.299	0
82.902	13.7	0
98.902	10.8	1
4.1	35.201	1
51.799	65.598	0
16.5	65.303	0
40.5	48.799	0
18.9	96.106	0
23.1	92.5	0
72.098	87.402	1
17.9	1.3	0
50.598	42.201	0
33.898	65	0
36.701	45.299	0
24.799	19.5	0
16	20.1	0
75.803	97	1
90.598	41.803	0
50.402	40.598	0
83.705	14.901	1
82	93.697	1
25.799	39.701	0
7.4	39.598	1
1.8	6.1	0
88.098	93.803	0
81.902	53.299	0
70.705	0.3	0
11.5	34.701	1
1.8	29	0
37	65.902	1
86.697	62.5	0
39.5	78.598	1
98.598	92.197	0
79.5	11.201	0
61.402	35.299	0
85.394	15.6	1
2.2	47.299	0
18.199	62.803	0
12.4	18	1
94.098	87.697	1
92.098	78.402	0
56.5	88.803	1
45.697	8.6	1
86.098	36.598	1
42.398	49.201	1
91.902	99.697	1
87.803	75.705	0
64.803	57.098	1
86.295	55.902	0
25.6	98.598	0
43.799	8.6	1
57.098	82.098	0
97.098	37.5	1
41.5	33	0
56.197	0.7	1
71.803	1.6	1
18.199	54.902	0
58.201	79.5	0
58.898	4.6	1
44	67	0
87	51.201	1
20.6	15.2	1
40.902	56	0
35.201	5.9	1
30.199	19.201	1
0.9	75.197	0
10.401	10.7	1
97.295	84.697	0
44.299	50.705	1
32.5	35.799	0
70.803	80.5	1
15.099	11.1	1
72.795	30.701	0
8	75.098	1
73.598	57.098	1
35.5	1.2	1
59.504	82.098	1
23.9	45.5	0
20.4	53.102	0
13.9	1	1
21.299	11.599	1
5.3	46	1
58.898	21.799	0
54.799	26.6	0
37.402	71.697	0
63.402	74.402	1
19.402	17.4	1
47	81.697	1
78.303	11.3	1
92.098	66	1
68	87.697	1
84.795	39.898	0
53.504	57.303	0
21.699	10.401	1
55.197	53.201	1
14.5	20.902	1
13.501	61.299	1
4.5	10	0
87.598	81.697	1
52	6.4	0
16.5	99.697	0
41.201	39.398	0
19.699	24.201	0
94.902	81.5	1
96.402	93.402	1
78.598	6.5	1
68	54.799	0
35.701	32.799	1
1.8	90.402	0
38.902	47.5	1
28.299	49.299	0
24.201	0	1
6.5	64.205	0
52.898	53.602	0
79.697	90.598	0
84.795	55	0
37.5	62.697	1
38.902	15.299	1
43.598	73.697	1
82.598	4	1
88.705	49.201	1
54.701	68.598	1
6.9	23.199	1
13.099	39.098	0
60.5	70	0
89.205	35.299	0
77.606	17.299	1
3.7	44.602	0
16.5	14.7	1
63.303	4.1	1
72.894	31.5	1
23	29.498	0
26.1	79.902	0
87.5	44	1
48	22	0
7.7	75.705	1
2.2	18.6	0
89.205	34.902	1
3.3	17.701	1
85	89.902	1
47.902	99.402	0
74.697	62.598	0
71.598	46.701	1
64.303	17.201	1
29	52	1
60.5	29.4	1
58.996	71	1
40	35.299	1
23.701	92.098	0
7.1	91.697	1
67.098	61.697	0
95.205	18.199	0
84.303	63.205	1
86	28.299	1
99.5	46.299	1
69.705	18.9	0
52.102	80.197	1
56.5	12.5	0
87.303	3.3	1
90.803	5.7	1
22.5	60.102	1
81.197	61.697	0
84.697	58.602	1
52.701	10.8	1
65	61.697	1
52.799	81.598	0
13.099	15.299	1
66.598	9	0
44.5	19.799	1
14.901	66.697	1
45.898	77.106	0
89.803	15.6	0
7.3	12.4	1
84.098	55.5	1
79	43	1
18.4	77.402	1
14.5	21.4	0
27.902	96.697	1
80.902	50.303	0
28.299	20.1	0
53.701	49.598	0
68.803	31.402	0
59.602	88.5	0
17	5	0
38.902	39.598	1
80.5	77.902	1
1	7.5	0
10.7	18.5	0
87.303	64.098	1
19	2.7	0
32.402	51.402	0
55.902	25	0
22.6	39.898	0
31.098	71.402	1
79.795	92.5	0
37.902	52.799	0
86.795	84.402	1
80.5	45.898	0
80.803	0.3	0
92.098	34.902	0
62.5	49	0
99.697	30.701	1
23.9	48.898	1
25.299	68.303	0
35.299	1.5	1
34.902	29.4	1
87.402	74.098	1
8.8	43.799	1
26.801	87.598	1
93.697	86.598	1
21.299	7.6	0
19.301	77.606	0
53.799	16.699	0
32.799	47.402	1
82.5	99.697	0
87.902	37.201	0
33.898	72.894	1
24.5	34.799	1
58.602	41.902	1
0	61.902	0
87.098	59.201	1
63.803	51.598	1
15.2	16.699	0
10.1	8.2	0
0	34.902	0
70.402	60.701	1
76.705	54.799	0
67.5	89	1
60.299	18.299	0
52.102	45.598	1
78.303	95.303	0
73.902	45.402	0
10.7	50.303	0
72.394	87	0
3.6	87.5	0
51.5	68.098	0
94.902	23.4	1
26.498	26	1
71.803	37.598	0
66	41.299	1
38.102	97.098	1
34.701	22.301	0
17.9	30.1	0
21	37.299	0
58.398	6.2	0
76.803	90.803	1
59.201	25.701	0
16.699	26	0
19.9	72.5	0
19.6	78.402	1
58	23.199	1
16.799	88.402	0
57.098	18.299	1
9.4	96.598	0
60.5	62.402	0
56.598	22.402	0
99.5	87.598	1
41.701	94.902	1
78.5	5.5	0
68.598	45	1
16	49	0
34	97.5	1
47.799	19.6	1
32.902	17.4	0
5	22	1
77.106	10.7	0
59.398	39.299	0
13.3	73.197	1
87.902	96.598	1
3.6	25.098	0
46	92.795	0
12.3	56.197	0
12.3	64.902	0
89.098	11.901	0
92.902	20.299	1
49.5	90.402	0
17.1	76.5	0
63.098	97.598	0
74.402	35.402	0
43.398	90.697	0
78.5	9.8	0
21.799	3	1
69.5	63.205	0
78.697	52.201	0
94.705	79	1
66.098	60.299	1
70.803	67	0
37	50	1
50.803	55.5	0
79.295	24.6	0
3.6	89.5	0
76.402	54.402	0
68.902	23.801	1
84.697	10.401	0
70.303	14.599	1
58.602	65.902	0
23	8.1	1
65.697	61.795	0
57.701	5.2	0
24.201	3.8	0
77.402	31.299	1
65.5	91.697	0
61.902	60.299	0
31.602	90.106	1
51.799	37.701	1
33.898	24.9	0
84.098	42	1
12.6	43.398	1
41.102	17.299	1
38.902	95.902	1
51.402	35.799	1
23.299	42.299	0
59.898	17.5	1
56	11	0
25.098	58.898	0
11.4	39.098	1
82.5	17.4	0
5.9	26.6	1
70.705	0.8	0
1	11.8	1
98.598	57.799	1
79.295	92	0
85.598	13.099	0
95	66.098	1
49.701	81.803	0
47.299	78	1
11.3	6.9	1
48.697	44.701	0
80.697	83.803	1
5.4	15.5	1
26.6	54.701	0
29	18.199	1
18.701	46.098	0
3.2	5.8	1
33.197	76.303	0
69.803	29.498	1
90.303	30.4	1
7.4	22.9	0
67.402	97.795	1
57	87.303	1
3.3	33.299	1
43.398	98.402	1
74.803	95.902	0
49.902	77	0
69.098	20.5	1
85.295	73.697	1
72	75.803	1
9.2	3.5	0
41.201	47.799	0
62.402	17.9	0
62.803	11.8	1
90	59.898	1
72.5	98.598	1
22.301	24.6	1
66.197	74.697	1
59.398	67.197	1
26.9	16.598	0
49.799	9	0
98	30.799	1
39	45.697	1
55.697	39.598	1
1.9	31.902	1
55.598	42.201	0
87.803	36.5	1
21.199	97.697	0
46.5	8.8	0
58.098	38.402	0
10.599	99.098	0
30.1	66.295	1
86.402	21.9	1
26.801	28.5	1
36.799	75.098	0
14.8	67.697	1
0.7	79.5	0
68	46.098	1
78.402	6	0
56.402	74.598	1
4.1	47	0
95.902	33.898	0
97.697	7.6	0
76.402	69.402	0
7.6	95.098	1
95.098	93.598	1
53.898	91.795	1
94.197	20.1	1
4.5	34.098	1
48.5	80.697	1
97	6.5	1
54.201	67.402	0
65.803	20.201	0
49.701	12.8	0
80.902	69	1
64.098	27.299	0
22.201	62.902	1
72.697	60.5	1
98.902	40.201	1
40.299	81.303	0
9.701	4.1	0
4	5.6	1
23	62.098	0
35.201	83.902	1
86.197	60.299	0
38.402	82.705	1
21.699	28.402	1
48.402	71.697	1
49.902	28.799	0
39	8.6	0
2.5	48.299	1
57.098	51.201	1
75.598	94.902	1
90.205	45.299	1
94.5	29.199	1
62.598	73.5	1
75.197	80.5	0
23.4	1.5	1
10.8	59.504	0
93.098	80.098	0
6.6	24.699	1
4.5	76	1
19.699	17.6	1
23.701	4.6	0
46.598	20.4	1
93.5	17.5	0
56.697	6.4	1
60.201	91.098	1
18.5	68.5	1
90.803	40.902	0
45.5	26	1
39.201	30.598	1
68.902	33.197	1
69.197	98.902	0
90.902	66.5	1
77.606	29.498	0
29.801	7.8	1
62.803	78.197	1
19.799	23	0
92.197	88.598	0
61.402	97.598	1
64.402	37.201	1
0.5	38.5	1
91	36.598	1
71	50.197	0
40.701	83.5	1
55.697	30.598	0
5.3	59.102	0
13.9	34.902	0
42.299	98.598	0
33.598	37.402	0
91	21	0
1.5	85	1
37.402	20.5	1
78	49.398	0
65.697	13.9	0
88.803	3.3	1
95	94.705	0
94.5	11.7	0
83.205	29.4	0
11.5	47.201	0
14.5	22.5	1
2.8	75.803	0
42.5	87.098	0
91.902	99.295	1
67.402	31	0
59.898	52.299	0
98.197	41.602	0
32.602	72.295	0
76.205	40.5	1
23.801	27.1	1
18.799	46.299	0
28	21.699	1
29.199	0.6	1
42.799	26.1	1
16.699	25.299	1
53.602	7.4	1
17.801	37.299	1
68.402	89.5	0
25.299	40.799	0
3.7	3.9	0
7.7	63.303	1
64	0.8	0
40.598	23.4	0
69.803	19.301	1
65.697	58.996	1
60.602	89	1
72.295	19.201	0
20.6	0.8	1
11.8	78.697	1
53.299	76.902	0
87.598	32.402	0
76.5	12.4	0
33.598	13.3	1
54.102	9.3	0
67.197	38	1
31.701	44	0
50.402	45.898	1
90.803	44.402	0
45.598	96.803	0
71.402	23.4	0
39.398	33.598	0
41.803	70.205	0
39.598	64.803	0
20.201	29.301	1
2.9	82.803	1
31	91.902	0
84.5	26.699	1
94.5	68.803	1
30.1	26.699	0
88.598	44.902	0
5	94.5	0
70.303	25.201	0
67.598	12.4	1
5.1	47.201	0
86.795	6.7	0
7.7	16.1	0
69.303	51.5	1
17.9	8.4	1
50.5	82.902	0
38.803	83.303	1
32.701	49.598	0
30.898	1.8	0
89.205	5.9	0
34.201	62.697	1
76.098	6.2	1
20.801	85.098	0
14.7	48.102	1
25.799	70.598	0
32	79.598	1
75.705	52.299	1
30.4	3.3	0
61.197	22.799	1
28.201	59.898	0
66.394	20.299	0
27.4	95.303	1
77.106	33.197	1
47.098	52.701	0
35.5	85.598	0
52.898	89	0
80.197	28.799	0
48.201	40.5	0
80.295	97.795	1
65.205	57.902	0
70.303	44.299	0
1.2	24.4	0
45	82.205	0
12.6	51.598	0
72.697	79.598	0
43.398	66.098	1
38.701	94.803	0
38.902	98.697	0
48	82.902	1
38.602	18.4	1
93.598	1.8	0
65.803	63.402	1
59.799	34.902	0
54.598	78.598	0
39.898	99.902	0
71.697	27.902	0
80.598	97.394	1
87.303	6.6	0
52.102	54.402	1
31.799	14.599	0
25.402	40	1
26.801	83.5	0
5.8	30.301	0
93.197	81.098	0
22.701	7.6	1
61.795	63.701	0
34.799	64.705	0
41.701	68.197	1
58.496	43.398	1
57.598	52.398	0
76.402	87.303	1
65.205	60.398	1
75.902	98.795	1
79.795	15.9	1
86.697	73	1
9.4	0.5	0
84.098	21.6	1
68	85.902	0
96.598	97.098	0
44.602	5.7	1
14.8	93	0
95	34.902	1
85.5	84	0
33.398	56.902	1
74.098	27.201	1
74.098	0.3	0
33	58.496	0
93.098	72.394	1
33.799	27.598	0
53.201	32.402	1
12	37.201	1
83.205	15.6	0
79.098	83	1
11.1	6.7	1
29.498	44.803	0
86.795	26.9	1
96.303	42.299	0
78.303	38.402	1
22.402	2	0
63.098	12.1	1
16	53.504	1
28.799	97.5	0
64	91	1
48.898	86.197	1
20.701	57.5	1
59.299	65.5	1
18.4	2.1	0
60.398	34.201	0
99.295	46.398	1
84.795	9.3	1
80.5	48.799	1
59.701	74.295	0
74.295	45.799	0
6	87	0
96	86.795	1
69.402	53.701	1
5.9	76.598	1
24.1	25.6	1
59.898	34.5	1
42.299	38.602	1
14.901	26.1	0
58.299	8.2	0
16.201	48.5	1
64	6.1	1
22.301	98.197	1
18.701	16.699	1
68.803	16.9	0
19.301	22.301	1
44.902	11.599	0
73.295	7.2	0
30.301	31.902	0
37	53.701	0
0.6	91.697	1
70.402	26.301	1
22.301	71.402	1
75.5	64.803	0
53.299	34.902	1
10.9	13.2	0
43.201	13.401	1
10.2	72	0
14.5	42.5	1
50.5	65.902	0
17.5	75.5	0
14.4	66.902	0
16.1	11.599	0
37	1.2	1
22.9	87	1
66.795	28.799	1
45.697	58.201	1
55.803	47.402	1
19.201	32.799	1
44	44.902	1
38.299	72.697	0
39.598	16.5	0
10.401	28.5	0
84.5	47.902	1
47.098	70.402	0
72.098	69.598	1
93.098	37.5	1
86.697	48.898	1
31.098	5.1	0
31.602	38.701	0
98.598	50.5	1
75.5	40.799	0
21.9	75.803	1
52.996	97	0
68.902	29.199	1
89.098	57.098	1
7.5	99.697	1
90.697	37.201	0
25.9	35.701	0
88.598	94.598	1
10.401	37.299	1
6.7	54.201	1
42.799	87.598	1
24.1	30.701	1
21.9	45.697	1
69	65.303	0
78.894	99.902	1
49.5	49.701	0
99	32	0
35.602	19.9	1
17.201	50.098	1
15.001	24.699	1
33.598	9.2	0
72.197	54.701	1
1.7	2	0
93.5	17.701	1
53.299	92.5	1
8.7	52.496	1
33.799	13.099	0
53.799	96.402	1
55.598	74.098	1
22.799	63.5	1
59.201	92	0
21.6	6.5	1
4.8	85	0
85.295	37	1
83.098	57.205	1
72	92.598	0
78.402	89.5	0
69.803	54.5	1
93	66.598	1
40.299	44.402	1
59.898	73	1
87	80.402	0
60.5	57.205	1
95.902	51.402	0
88.402	95.098	0
67.5	52.299	0
84.894	32.602	0
63.902	91.295	0
56.197	50	0
14.8	59.299	1
5.9	68	1
80.098	73.402	0
38.5	15.6	0
46.5	82.205	1
35.701	78.402	0
31.902	23.5	0
2.7	2.8	0
4.7	90.902	0
60.398	11.8	1
16.699	69.5	0
57.701	54.5	0
85.394	3.9	1
52.102	29.498	0
64.303	98.5	0
58.799	36.701	0
14.5	81.402	0
28.799	2.6	1
21.799	32.102	1
99.598	26.699	0
27.4	66.598	1
9.2	35	1
94.902	2.3	1
43.598	23.5	1
56.303	43.201	1
28.799	71.402	1
21.799	76.098	0
66.795	15.2	0
13.3	26.9	0
30.301	46.701	1
34.098	97.697	0
99.697	95.5	0
82.902	50.303	1
91.795	83.402	1
79.402	47.701	1
82.5	79.697	0
37.799	96.5	1
96.5	36.299	1
48.402	19	0
48.898	17.299	0
44.102	2.7	0
80.902	86.295	1
86.5	11.4	0
7.6	74.295	1
65.697	13.501	0
86.098	97.098	1
23.5	49.799	0
31.902	63.902	0
49.5	27.002	0
85.197	58.299	0
20.902	51.598	0
19.9	95.402	0
11.5	67.197	1
77.705	84.795	1
74	87.303	0
80.902	30.898	1
48.102	71.902	1
28.701	79	0
55.5	67.197	0
53.898	99.5	0
95.303	15.6	0
12.9	95.803	1
52.701	67.402	0
43.201	43.598	0
44.701	55.402	0
73.098	77.705	1
14.4	42.799	1
56.803	58.496	0
59.602	33.701	1
6.3	85.197	0
53.398	88.902	0
6.9	97.697	0
79.5	36.398	1
11.4	27.799	1
12.8	50.098	0
21.5	69.5	1
25.299	38	0
78	14.1	1
57.701	31.5	1
10.5	7.3	0
60.602	85.902	1
70	71.402	0
90.205	42.299	0
73	17.801	1
1.3	57.701	1
86.5	21.6	0
84.098	3.6	0
6.1	45.799	0
4	88.303	0
18.5	13.6	0
88.902	95.205	1
31.299	56.902	0
17.4	52.602	0
45.402	72	0
97.5	44.299	0
69	7.901	0
89.902	82.5	0
86.795	71.106	1
48.299	15.6	0
37.402	39.898	0
87.098	14.5	1
72.5	3.5	1
26.1	33.197	0
23.299	90.303	1
95.098	33	0
36.598	19.6	0
6.9	28.9	0
46.5	68.098	0
10.599	84.402	1
6.3	68.598	0
17.1	53.201	1
65.902	22.9	0
56.598	85.098	1
85.394	34.701	0
35.102	3.5	0
54.004	55	0
44.902	31.902	1
38.803	66.197	0
16.301	47.201	0
38.5	10.401	1
4	52.201	1
2.3	77.705	0
29.199	22.402	1
88.705	80.803	1
98.795	18.098	1
25.5	28.799	1
84.5	3.6	1
90.697	86.795	0
92.697	47.5	1
77.705	98.795	0
36.299	61.197	0
15.6	57.5	1
33.898	98	0
40.598	24.1	1
77	90.303	0
66.795	26.301	1
66.795	94.803	1
26.1	99.197	0
41.402	98.795	0
45.102	83	1
83.303	44.902	0
41.299	79.697	1
6.7	86.098	1
38	28.402	0
84.697	6.5	1
72.394	49	1
53.398	72.697	0
73.295	5.9	1
21.4	14.5	0
99.5	47.5	1
53.799	98.697	0
35.5	75.303	1
43.398	8.6	1
92	28	0
91.598	72.697	1
61.197	3.4	1
66.697	69.598	1
89	4.6	1
91.098	35.799	0
90.803	40.402	0
73.295	81.902	1
5.6	27.002	1
88.098	13.2	1
44.102	99.295	0
75.303	58.898	0
17.9	2	0
31.602	6.7	1
60.602	28.9	1
55.402	9	1
34.299	26.6	1
27.701	80.098	1
94.705	88.5	1
89.705	3.5	0
84.598	58.602	0
53.602	63.098	1
21.199	79.697	1
53.799	77	1
86.902	76.803	1
4.3	79.5	0
3	77.902	1
25.201	22.301	0
94.902	9.4	0
64.606	47.098	0
93.303	29.301	0
25.299	40.701	1
61.197	13.3	1
83.402	55.197	1
15.299	95.098	0
63.5	87.197	1
87.303	52.996	0
33.5	69.598	1
59.504	43.799	0
29.199	1.4	1
45.898	67.902	0
58.799	90	0
14.1	45.402	0
1.6	79.295	0
26.699	70.205	1
0.3	97.5	1
20	6.1	1
60.201	54.902	1
30.898	39.398	1
38.602	0.5	1
4.3	97.394	1
14.599	75.197	0
6.7	24.6	0
62.697	32.102	0
1.9	94.402	1
57.402	55.098	0
16.201	95.5	1
54.799	7.901	1
76.5	70	1
42.799	10.599	0
13.099	34.299	0
55.197	3.5	1
92.598	52.996	0
44.902	16.301	1
75.5	97.598	0
42.898	16.799	1
32.402	10.9	1
93.303	5.1	1
79.5	89.303	0
66	95.402	0
2.6	33.799	1
3.7	14.201	1
81.697	87.803	1
34.799	48.5	1
1.6	37.299	1
88	33.799	1
50.902	30.301	0
62.303	85.902	1
21.6	27.598	0
18.6	96.303	0
23.801	44	1
61.902	49.799	1
51.5	37.799	1
58.098	21	0
62.598	65.598	1
84.197	25.9	0
5	28.5	1
57.902	91.295	1
92.902	44.5	1
64.303	64.402	0
89.205	43.201	1
38	96.106	1
33.898	66.197	1
47.098	33.5	0
6.3	81.803	1
5.4	72.394	0
8.5	52.996	1
54.102	43.299	1
79.098	21.4	0
98.402	26.699	0
16.9	43.799	1
27.799	88.402	1
87.303	85.697	1
71.106	59.398	1
57.799	21.9	0
71.303	83.705	1
74.697	78.197	0
48.102	4.7	0
59.602	22.1	0
28.098	33.5	0
4	54.902	0
30.002	35.799	0
82.598	31.701	1
70.598	86.197	1
21.699	22.402	0
4.8	32.799	0
46.098	24	1
99.902	92.5	0
39.898	99.697	0
48.898	97.5	0
81.197	1.4	0
53.504	32.902	1
51.5	43.098	0
74.197	3.6	0
45.5	34	1
93.098	17.9	0
38.201	96.402	0
2.1	53.701	0
49.098	13	0
55.402	35.402	1
90.5	35.201	1
29.301	63.098	0
58.496	54.902	1
73.402	92.598	1
65.402	59.299	1
51.402	45	1
64.705	90.205	1
54.799	29.4	1
32.5	9.8	0
80.402	66.394	0
36.5	17	0
46.299	17.201	1
67.197	80.803	0
32	60.5	0
38.5	8.8	1
99	22.799	1
39.098	48.799	1
1.3	94.598	0
58.799	64.606	1
60.102	64.803	1
54.799	63.902	0
16	70.5	0
60.201	51.598	0
81.598	66.197	1
12	7.1	0
15.4	26.699	1
51	58.299	0
38.102	52.799	1
61.299	85.697	0
14.901	43.5	0
24.4	3.2	0
30.898	1.9	0
56.197	69.402	0
81.803	64	0
78.894	53.102	1
18.6	6.5	1
81.098	53.201	0
42.201	10.2	1
70.303	74.402	1
86.795	80.803	0
19.799	35.201	0
52	1.3	0
4.2	78.098	0
57.902	44.803	1
26.199	90.205	0
23.6	49.701	0
84.402	66.5	0
73.5	17.701	1
42.799	60.201	1
9.099	21.699	0
70.902	53.102	1
46.5	13.9	0
59.299	61.902	0
29.699	99.197	0
70.803	49.701	1
15.9	55.598	1
50.902	81	0
47.799	67.098	1
38.402	21.799	0
65.106	88.5	1
56.303	76.705	1
62.197	9.6	0
69.598	10.8	1
95.705	90.106	0
34.701	55.697	0
6.5	94	1
90.803	99.803	1
41.201	74	0
63.098	57.701	0
9.9	63.098	0
11.4	71.205	0
7.3	17.701	0
35.799	95.902	1
61.299	83.902	0
69.803	83.803	0
11.7	70.205	0
81.197	29.4	0
89	90.5	0
4.9	57.701	0
28.5	83.902	1
56.803	54.299	0
51.5	97.894	0
37.799	54.201	1
9.3	49.398	1
78	26.498	0
21.9	80.295	1
15.2	58	0
92.295	46.5	0
16.9	48.697	0
12.4	18.199	0
11	14.599	1
42.299	74.598	0
19.301	35.201	1
47.201	89	0
88.705	31.098	1
3.4	85.394	0
69	41.5	0
22.5	2.9	0
91.795	2.4	1
80.402	70.402	0
78.598	17.701	0
59.398	19.6	1
9.6	85.394	1
94.705	12.3	0
48.598	72.197	1
98.697	73.295	1
78.894	66.902	1
17.9	54.701	1
24.1	6.4	1
57.701	62.098	0
93	3.9	1
13.7	2.8	0
66.697	43.701	0
36.299	15.4	1
52.996	87.098	0
53.504	42.5	1
97.5	98.5	0
16.699	25.799	1
88	54.201	1
54.799	7.1	0
43.598	86.295	0
95.5	81.902	1
33.5	19.301	0
99.197	61.598	1
7.7	11.5	1
42	49.598	0
40.201	51.201	1
22.799	12	1
87.402	5.1	0
33.799	1.8	1
94.803	99.197	0
67.197	62.697	1
56.402	23.5	0
26.6	34.098	1
24.9	67.5	1
35.5	21.299	0
34	28.602	1
62.697	90.303	1
15.5	29.1	1
55.902	44.803	1
1.3	90.803	0
36.898	28.5	0
3.1	4.3	1
63.402	64.205	1
50.197	56.598	1
63.701	35	0
18.098	9.4	0
29.4	2.9	0
88.902	10.8	1
22.701	9.3	1
14.7	77.303	1
62.598	13.3	1
79.902	77.606	1
14.7	74.697	1
32.303	56.5	0
57.5	45.299	0
17.701	71.303	1
26.498	51.5	1
28	19.9	1
84.402	55.5	1
63.205	93.697	0
29.301	94	1
97.295	43.902	0
41	26.301	0
40.598	19.9	0
93.098	76.205	0
79	45.299	1
8	39.898	1
83.402	45.299	1
43.598	71	0
48.5	33.5	1
36	55.803	0
81.697	21	1
2.7	15.299	0
58.201	80.5	1
27.201	49.701	0
69.598	29	0
18.5	71.697	0
80.402	47.5	0
95.5	24.9	1
15.4	4.1	1
33.701	66.098	1
13	28.299	1
59.701	26	1
5.6	68.402	1
26.1	75.098	1
49	78.402	0
69.902	83.5	0
30.002	18.4	0
65.5	39.299	1
64.098	24.4	0
80	62.902	1
24.5	39.299	1
66.5	90.5	1
12.1	74.803	0
56.098	28.299	0
83.098	74.098	1
94.902	23.6	0
85.394	15.801	1
75.402	48.201	0
49.598	63.803	1
16.598	12.8	1
15.4	4.9	1
7	10.8	0
11.5	13.099	0
92.598	86.598	1
12.9	85.295	1
16.4	25.5	1
95.303	88.705	1
46.902	32.902	1
41.299	82.303	1
25.201	18.098	0
71.5	34.5	1
35.201	23.199	0
61.902	46.299	0
5.4	74.598	1
46.5	96.205	1
0.7	46.398	1
56.5	82.598	0
34.799	65	1
40.701	65	0
92.598	73.197	1
99	60.004	1
63.402	20	1
14.599	58.799	0
34.201	41.102	1
36.799	99	1
51.701	20.701	1
51.098	30.898	0
13.7	45.799	1
12.1	37.299	0
16.201	94.902	1
46.799	87.303	1
95.303	98.295	0
31.402	6.6	0
9.8	71.5	1
59.701	28.602	1
29	21.5	1
13.501	86.795	1
80.402	19.799	0
20.1	71.902	1
10.7	40.902	0
71.402	86.5	0
0.3	7.3	0
97.098	96.205	0
97.598	62.402	0
2.4	32.102	0
43.598	20.1	1
59.299	6.7	1
71.5	97.295	0
73	74.5	0
81.803	24	1
30.4	15.001	0
49.5	44.299	0
21.4	13.799	0
26.6	73.902	0
15.001	37.701	1
13.2	10.599	0
84.303	55.197	0
82.303	94	1
50.197	4	0
85.394	97.197	0
96	29.9	0
93.402	83.205	0
4.8	57.5	1
55	78.598	1
10.9	86.5	0
16.301	37.701	1
49.5	60.299	1
26.301	84	1
14.5	37.701	1
53.799	98.902	1
14.5	29.699	1
33	72.5	0
72.295	94.598	0
71.106	71.803	0
86.598	68.598	1
29.801	10.9	0
36.799	1.8	0
33.5	15.299	1
92.902	60.5	1
56	14.301	1
25.098	21.5	0
78.894	26.301	1
72.098	34.098	1
92.902	89.402	0
81.598	34.598	0
76.598	87	0
68.902	16	1
69.098	48.402	0
28.9	19.9	1
86.902	0	0
47.701	91.697	1
14.8	70.598	0
35.402	75.098	0
32	61.902	0
14.7	77.402	0
86	59.398	0
69.197	7.8	0
67.295	48	1
19.1	69.902	1
83.705	23	0
85.295	82.902	1
9.4	44.5	1
17.6	51.701	0
98.598	73.402	0
91	2.4	0
19.301	36.299	0
3.2	69.197	1
78.894	3.7	0
6	79.295	0
96	97.598	0
27.201	57	1
63.902	52.398	1
0.8	29.1	0
32.602	6.2	1
23.299	72.5	0
41.201	53.398	0
91.902	9.701	0
5.6	6.6	1
34.799	56.098	1
6	42.697	0
29.801	62.098	1
96.902	29.301	0
95.5	30.799	1
91.598	20.5	1
13.501	46.5	0
48.697	11.1	1
75.803	88.803	0
86.697	15.001	0
43.799	95.303	1
11.599	25.5	1
22.301	3.7	0
85.295	32.701	0
34.098	98.197	0
11.8	22.799	0
30.199	12.4	0
30.701	27.4	1
6.1	21.299	0
18.299	56.803	0
95	77.205	0
53.701	14.599	0
42.598	80.598	0
36.598	43.201	0
87.803	3.3	1
12.701	28.602	0
3.1	18.199	0
87.598	29.301	1
26.498	96	1
97.598	19.402	0
2.4	34.098	1
67.098	41.299	0
2.2	98.098	0
66.197	66.098	0
61.402	81.697	0
74.697	10.7	1
37.598	96.5	0
43.598	39.598	1
28.701	72.098	0
45.201	25.9	1
55.902	71.598	0
47.5	81.402	0
3.5	12.2	0
59.701	8.7	1
97.394	92.902	0
83.803	85.295	0
30.4	28.602	1
80.402	85.197	1
61.098	1.3	0
14.201	26.699	1
34.299	47.201	1
26.699	58.098	1
71.5	63.902	1
24.6	55.5	1
57.205	6.5	0
52.898	66.394	1
8.299	75.402	0
35.201	44.402	0
97	94.197	1
73.5	76.402	0
15.9	31.701	1
57.402	9	0
78.894	72	1
53.201	92.098	1
29.498	50.705	0
53.799	60.5	0
36.598	70.705	1
51.303	57.598	0
79.697	48.898	1
60.602	82.303	1
64.303	25.5	0
84.5	39.898	1
8	13.9	1
43.701	2.6	0
32.402	83.402	1
90.598	43.799	0
44.402	83.902	1
63.205	98.402	0
5.4	3.6	1
3.1	51.598	1
64.803	92.795	0
72.197	78.5	1
30.799	37.701	1
18	96.303	1
80.697	8.4	1
0.5	0	0
82.5	96.303	0
27.299	43.201	1
83.902	80.598	1
25.799	93.402	1
8.8	1.3	0
11.901	66.795	0
10.9	68.5	0
0.5	51.799	1
18.098	95.303	1
94.098	67.795	1
59.898	84.303	1
34.201	98.402	1
29.699	82.705	1
89.303	99	0
35.201	63.098	0
70.598	18.299	1
95.303	88.402	1
68.402	94.705	1
46.398	49.201	1
88.705	14.599	0
75.902	72	1
38.201	46.201	0
1.8	61.5	0
99.598	97.394	0
52	14.4	0
29.498	73.295	1
73.197	99.697	1
12.701	74.598	1
66	42.5	0
50.705	19.301	1
85.795	51.5	0
51.701	83.402	1
59.398	50.705	0
80.697	11.201	1
48.299	41.201	0
17.299	0.5	0
80.098	45	0
32.5	81.197	0
69	10.2	1
45.299	23.1	1
85.598	14.5	1
58.799	92.197	1
75.098	54.102	1
11.599	44.803	1
99.902	56.197	1
96.598	25.201	0
86.697	75.902	0
86.197	25	0
5.1	57.5	1
36.799	77.5	0
0.8	65.5	1
58	15.099	1
18.199	26	1
4.6	39	0
23	72.197	0
30.5	23.299	1
78.098	67.5	0
70.803	70.098	1
40.701	50	0
12.5	76	1
41.602	19.1	1
21.4	59.898	1
81.303	2.8	0
40.598	56	0
90.205	85.697	1
72.098	23.299	1
50.197	71.598	1
81	59.201	1
60.602	69.402	1
80	62	1
63.098	45.799	0
48.598	29.199	1
31.799	78.197	0
24	51.098	0
41.299	30.598	1
28.299	72.295	1
98.402	21.5	1
58.799	88.205	0
24.6	85.795	1
12.4	95.402	0
92.098	37.598	1
91.394	30.002	1
85.394	19.6	1
64.902	40	0
28	8.7	1
53.898	60.602	1
46.598	47.098	1
1.5	1.6	0
53.299	77.106	1
23.1	70.205	0
52.898	79.795	1
79.697	97.795	1
27.902	63.5	0
65.5	66.197	0
30.199	49.598	1
84	76.205	1
15.6	25.299	1
68.902	17	1
23.199	63.803	0
96	47.902	1
15.001	79.902	0
60.799	66.902	0
97	79.197	0
75.303	38.102	0
68.803	73.795	0
35.299	14.8	0
17.1	45.697	1
88.303	22.799	1
61.299	93.803	0
84	1.7	0
54.299	6.2	1
38.701	60.602	0
39.299	2.4	0
95.205	8.901	0
76.402	99.5	0
61.598	33.299	1
66.197	44.701	0
58.201	34.299	0
95.803	9.4	1
3.8	96.303	0
8.8	49.799	0
74.295	39.898	0
33.898	17	0
60.602	24	1
3.3	63.701	1
79.697	70.803	0
80.697	78.197	1
67.598	71.205	1
15.099	8.8	1
30.301	45.102	1
62.598	32.303	1
33.5	6.6	1
23.299	20.701	0
43	38.102	0
66.902	22.5	0
58.898	86.598	1
23.701	96.402	0
69.598	22.5	0
68.902	93	1
57.303	92	1
86.098	49.902	1
34.402	71.205	0
66.394	58.898	1
16.301	13.501	1
45.299	56.5	0
26.801	86.295	0
41.701	85.295	0
61.5	7.8	1
1.4	97.394	0
81.402	21.6	1
62.402	67.197	0
36.598	9.9	1
14.301	76.803	0
97.197	84.098	0
46	20.801	0
93.598	23.5	0
61.5	62.098	0
99.295	21.9	0
19.201	52.602	1
61.598	76.303	1
29.199	13.6	0
76.902	68.402	1
55.402	22.6	1
49.598	13.799	0
96.697	97.295	0
9.6	79.795	0
30.301	79.5	0
41	19.6	1
8.5	10.1	0
95.598	44.701	0
78.098	81.303	0
16	21.699	1
85.598	81.902	1
64.606	10.3	0
89.606	80.598	1
11.599	31.5	0
70	96.902	0
72.5	18.799	0
57.303	18.5	1
63.205	84.402	1
94.598	91.598	0
26	99.295	1
23.4	90	0
84	83	1
77.705	64.303	1
3.1	69	0
90	96.106	1
25.098	49.701	0
57.598	70	0
44.102	75.402	1
16.699	28.799	1
51.898	88.098	0
14.1	79.098	0
68.098	39.799	0
43.398	18.701	0
15.299	86.197	0
38.5	53.799	1
52	88	0
83.303	16	0
78.402	20.201	0
96.902	86.697	0
20.5	66.795	0
64.902	4.3	0
30.002	7.7	1
57.402	66.5	0
90.5	47.799	0
44.701	46.598	1
75.902	61.197	1
35	81.902	0
87.598	1.8	1
91.295	79.098	0
57.098	22.201	0
14.599	13.501	0
25.402	52.201	0
40.299	39.398	1
45.102	64.606	0
15.001	3.7	1
41.402	22.799	0
28.402	55.598	1
16.799	2	0
85.197	60.102	0
26.301	79.402	0
59.799	1.2	1
8.6	72.394	0
33.598	6.1	0
47.799	96.803	1
90.598	96.598	1
63.598	2.2	0
13.3	49.201	1
53.299	66.5	1
83.303	82.303	1
12.8	33.197	1
54.299	13.6	1
5.9	89.803	0
10.8	17.1	1
3.3	68.697	0
91.197	95.705	0
89.803	97.295	1
6.9	70.402	0
75.5	3.4	1
77.205	31.602	0
58.299	15.2	1
19.6	32	1
18.199	95.598	0
45.201	64.902	0
82.205	80.402	1
89.902	8.2	0
11.1	72.197	1
11	47.701	1
46.701	65.402	0
8.2	96.902	1
38.201	57.205	1
22.701	66.902	0
65.803	20.1	1
96.402	49.098	0
63.803	72.394	1
90.402	10.401	0
75.197	92.197	1
15.2	63.598	1
12.1	78.598	0
47.701	97.295	1
81.598	34.701	1
72.894	44.102	1
0.9	41.803	1
31.299	62.697	0
12.701	45.598	0
5.4	66.902	1
1.5	0.4	1
7.7	46.398	1
55.197	87.697	0
97.098	96.697	0
61.598	4.3	0
18	50.705	1
40	7.8	1
56.598	80.197	1
37.098	87.098	1
32.201	32.102	1
83.5	22.201	1
10.7	81.197	0
50.902	31.5	0
35.402	41.102	1
45.402	71.303	1
45.598	86.402	1
27.701	37.5	1
40.5	9.4	0
74.697	15.299	1
12.9	90	0
41.602	53.504	0
78.598	39.398	0
17.6	63.701	0
4.6	42	1
93.402	40.299	1
83.303	57.205	1
43.098	73.295	0
63.205	28.402	1
61.098	90.902	0
39.898	44.5	1
79.197	58.299	0
7.2	9	1
5.5	67.795	0
42.898	33.598	0
10.7	9.3	0
90.402	16.201	0
0.7	41.701	1
40.799	12.701	1
42.299	82.902	1
31.902	19.1	1
12.1	94.098	1
59.504	39.898	1
54.902	0.8	1
56.098	81.697	0
55.598	6.4	0
42.398	36.799	0
94.902	37.098	1
10.9	98.598	0
55	73.5	1
40.299	99	1
96	74.5	1
34.201	80	0
73.902	89.5	0
0.8	85.795	1
87.697	87.098	0
77.106	69.402	1
2.1	57.5	0
69.5	73	1
82.803	1.5	1
73.5	1	1
96.697	40.402	0
7.1	84.402	0
12.6	13.401	1
36.098	13.6	1
4	20.299	1
24.799	87.902	1
2.7	37.299	1
7.6	27.002	1
20.6	31.402	0
20.801	76.303	1
20.201	89.205	0
60.004	21.5	0
56.902	76	1
72.697	51.598	1
83.705	77.803	1
87.902	64	0
47.602	22.5	1
1.9	2.6	0
21.799	14.201	1
20.201	22.9	1
58.299	33.898	1
92.402	8.4	0
18.701	45.799	1
16.201	13.3	1
8	38.701	1
20.902	50.5	0
75.902	0.2	1
43.098	91.394	0
47.701	55.197	1
48.102	50.098	1
7.1	23.299	0
84.402	12.2	0
79.5	11.901	1
68.303	16.201	1
28.098	34.902	1
20.1	36.098	1
54.701	46.201	0
35.902	47.602	1
55.197	15.801	0
0.7	89.303	0
57.5	58.496	0
41	7.6	0
60.299	6.7	0
70.402	59.201	0
23.299	7.2	1
79	91.795	1
95.402	30.1	0
82.902	51.303	0
64.5	74.197	1
21.6	45.102	0
60.398	45.697	0
97.295	57.098	0
61	49.098	0
75.197	95.205	1
85.902	61.795	0
37.299	92.5	0
75.705	51.5	1
94.902	72.5	0
95	32.5	0
74.598	45.697	0
71	3.8	0
45.402	55.902	1
83.803	58	1
92.098	4.5	0
36.098	35	1
27.4	88.598	1
33	8.4	1
79.197	23.6	1
23	94.803	1
27.299	66.394	1
84.303	19.9	0
37	78.197	0
92.902	61.902	0
23.199	18.799	1
17.6	53.799	0
0.7	58.799	0
1.9	46.701	1
0.9	47.098	1
77.205	42.299	1
56.098	28.5	0
5.5	33.5	1
71.205	1.9	1
83.5	59.701	0
28	67.598	0
71	41.602	0
59.201	55.5	1
86.5	70.705	0
53.504	11.901	1
1.2	40	0
40.402	76	1
12.2	44.902	0
5.3	0.9	0
81.697	51.098	0
26.199	49.5	0
96.303	86.295	0
54.102	51.303	0
38.402	8.2	1
19.6	88.902	1
42.398	81.098	0
95	8.2	1
36.299	31.098	1
35	59.299	0
21.1	16.799	0
22	30.5	0
16.5	96.205	0
4.1	76.205	1
78.795	17.801	0
57.303	61.795	0
14.201	15.5	0
22.301	19.1	1
54.701	14.7	1
30.898	65.106	0
31.5	41.299	1
82	56	0
79.098	99.197	0
13	28.602	0
11.599	64.902	1
45.898	77.205	1
86.697	5.2	0
66.5	4.3	1
39.598	0.9	0
6.3	76.902	1
86.795	13.2	1
83.902	94.803	0
74	67.697	1
17	21.299	0
35.701	50.598	0
66.5	72	1
89.705	14.599	1
95.303	88.902	0
86.697	61.902	0
34	6.5	0
36.898	4.5	0
56.598	56.902	0
28	81.697	1
22.9	44.602	0
79.402	30.898	0
5.3	15.001	0
22	63.303	0
1.1	71.402	0
50.705	49.5	0
12	94	1
15.2	85.394	0
99.197	69.098	0
18.4	23.1	1
46.701	75.598	1
96.902	92.402	0
91.598	29.9	1
67.402	64.606	0
5.7	2.7	0
52.299	36.598	0
85.795	33.799	0
91.697	23	1
63.701	52.799	0
39.5	52	1
90.402	49.799	0
80.902	55.098	1
82.5	30.598	0
85.197	8.6	0
9.9	16.9	0
8.2	22.201	1
20.201	76	0
34.701	51.5	0
54.5	27.5	1
5.6	26.498	1
81.803	20.701	0
36.299	5.1	1
91.795	34.201	1
71.205	97.197	1
63.701	55.197	1
10.599	0.9	1
15.2	29.199	0
63.205	69.5	1
54.004	96.803	0
84.098	77.705	0
61	63.701	1
27.002	96.5	0
50.197	36.598	1
94.402	5.6	0
34.098	69	1
38.602	47.902	1
93.803	20	0
26.4	97.5	0
36.197	56.303	1
12.8	3.1	0
38.201	66.197	1
75.902	37.299	1
50.5	49.701	0
96.803	30.1	1
49.098	67.697	1
12.8	25.701	0
80.5	74.902	1
50.902	67.795	0
67.795	22.1	1
63.303	58.701	0
99.803	64.705	1
31.299	23.199	1
31.299	58	0
85.098	15.6	1
72.5	97.598	1
19.9	57.5	1
47.201	55.295	1
46.098	25.799	0
60.398	15.299	0
88.705	34.701	1
94	90.598	1
72	30.1	1
31.602	3.3	0
33.398	87.197	0
8.299	83.803	0
98	43.701	1
56.402	12.3	1
33.098	6.8	1
27.002	48.299	1
67.5	36.098	1
73.697	43	1
50	30.1	0
47.402	94.598	0
70.5	6.5	1
20.902	93.902	1
0.7	94.402	1
58.398	91.795	1
1.8	36.5	0
35.799	73	1
59.299	19.5	0
26.9	14.5	0
17.9	84.402	0
74.5	50.197	0
71.5	59.602	1
17.9	7.1	1
52	80.598	1
70.803	94.803	0
15.099	96.697	1
69.402	58.398	0
68.5	17.801	1
66.295	94.402	0
2.3	96.402	1
15.9	0.2	0
58.098	65.697	0
34	64.803	0
21.5	58.996	0
6	70.098	1
42.201	49.701	1
82.803	34.299	1
51	25.402	1
60.602	98.902	1
25.799	61.902	1
76.803	19.5	1
12.1	23.801	0
93.803	0.4	0
52	89.402	0
73.5	66.295	1
17.6	64.705	0
36.898	70.098	1
43.299	6.6	1
71.902	77	1
90.303	60.299	0
48	1.8	0
52.398	83.705	1
22	31	0
38.201	8.299	1
16	44.701	0
52.996	98.5	1
0.3	1.1	1
61.697	30.701	1
51.898	99.697	0
2.6	72.295	0
24.201	23.299	1
71.303	60.102	1
65.303	12	1
75.803	46.201	1
60.398	2.5	1
67.295	37.701	1
59.201	40.201	0
76.5	51.799	1
98.598	47.701	0
0.2	95.598	0
88.098	67.697	1
59.898	46.201	1
78.098	33.898	1
69.5	73.197	0
94.902	61.197	1
18	69.902	0
42.201	66.197	1
49.799	96.205	1
72.394	85.098	1
20.5	93.402	0
69.402	90.803	1
85.295	88.902	1
19.699	17.801	1
58.496	34.201	0
0.6	85.697	1
89	57.598	0
84.894	39.898	1
19.301	36.299	1
66.394	53.102	0
95.598	90.697	0
77.902	45.697	1
65.303	99.598	1
86.795	13.3	1
93.902	0.2	1
26.301	27.701	0
4.5	48.201	1
34	62.803	0
8.4	40.902	0
29.498	70.098	0
12	39.5	0
4.8	3.7	0
80.598	24.6	0
87.902	89.205	1
66.5	21.6	1
2.6	88.402	0
7.901	51.898	0
53.102	16.301	1
27.701	77.606	0
75.5	0.6	0
45.299	28.9	0
45.201	3.9	0
1.4	62.697	1
24.5	26.498	0
1.3	34.598	0
15.801	11.201	1
66.697	44.701	0
76.705	84.697	0
12.701	33.598	0
52.496	69.197	0
13.401	23	1
13.3	26.199	1
98.402	15.9	0
22.701	8.2	1
58.098	41.299	1
68.5	97.795	1
7.1	76	1
44.299	33.598	1
77.705	33.5	1
46.598	30.598	0
67.295	17.201	0
56.197	81.402	0
21.799	71.303	1
63.701	91.902	0
77.303	81.303	0
30.5	59.201	1
80.803	59.504	1
59.898	0.9	1
20.801	94.902	0
86	66.394	1
25.201	73.295	1
7.2	68.902	0
60.102	64.5	0
66.197	8.901	0
92.5	48.799	1
94.705	87.902	0
56.598	19.1	1
25.098	69.303	0
92.295	39.201	1
55.197	59.799	0
67	47.701	0
1.2	71.205	0
89.606	72.098	0
92.902	80.295	0
82.902	14.4	0
69.402	7.4	1
67.402	31.098	1
22.1	41.803	0
39.598	8.1	1
26.699	54.5	1
74.598	48.402	0
98.402	75.402	0
81.402	7.6	0
24	50.098	0
16.799	36.598	1
76.098	86.697	0
36.398	72.795	0
94.098	89.098	0
22.9	69.5	1
97.795	27.1	1
70.598	52.799	0
96.106	50.705	1
92.697	86.697	0
55.598	31.799	0
88.705	96.5	0
38.701	44.102	1
15.299	17.299	1
99.295	64	0
31.299	2.5	1
74.598	40.701	0
19.201	26.6	1
32.701	81.598	1
40.598	3	0
58.996	76.205	1
87.098	12.4	0
72.394	90.697	0
77.205	2.1	1
39.598	48.102	1
48.402	64.098	0
38.902	48.5	0
28.201	32.701	0
19	53.701	0
28.9	85	0
27.701	58.799	1
26.9	37.598	0
25.701	44.299	0
70	40.402	0
50.803	24.201	0
42.898	67.902	0
72.5	74.803	0
4.7	99.402	1
2.9	61.5	0
50.902	60.701	0
24.1	46.799	1
51.201	78.5	1
84.697	11.8	0
63.803	26.498	1
4.4	38.402	0
22.6	25.799	0
72.5	81.902	0
43.598	29.498	0
99.697	36	1
85.902	30.799	0
14.301	81.902	1
37.598	10.7	0
8.4	99.402	1
37.201	57.598	0
57.402	94.098	0
70.803	10.2	0
70.205	26.9	1
87.598	97.098	0
71.5	59.299	0
25	47.299	1
82.098	55.902	1
42.898	12.701	0
11.3	73.598	1
64.606	24.799	1
69.303	93.5	1
46.098	72.197	1
42.299	9.099	1
73.5	50.598	0
44.102	73.902	1
46.201	5.4	0
23.1	6.6	0
70.598	92.197	1
49.201	17.201	0
59.898	1.5	1
36.197	92.697	0
3	48.102	1
89.606	12.5	1
59.299	40	0
56.902	7.3	0
50.5	6.6	1
27.5	27.1	0
99.402	37.402	1
42.898	54.598	1
77	20.4	0
0.4	94.402	1
79	36.299	1
15.2	12	0
91.697	31.5	1
82.705	2.4	0
63.303	48.5	1
34.598	77.606	0
43.5	88	1
84.598	47.5	1
3.8	46.902	0
87.697	4.6	1
93.5	18.098	1
47.701	42.5	1
64.303	90.5	1
59.299	77.5	0
59.398	36.098	0
2.3	36.098	1
82.598	35.299	1
68	33.5	1
76.705	59.398	0
89	39.299	0
62.598	16.5	0
73.902	97.098	1
92.795	86.197	1
5.5	48.799	1
31.602	94.197	1
63.598	44	1
16.699	32	1
46.799	1.3	0
75.098	93.697	0
23.4	31.402	1
9.4	20.201	1
48.102	99.697	1
66.902	39.098	1
74.5	35.102	0
52.799	43.701	1
37.098	17.701	0
38.701	28.799	0
80.697	21.699	0
82.098	98.598	0
10.7	30.1	1
37.201	87.5	1
33.5	21.5	1
74.598	58.098	0
68.803	67.402	1
35.902	7.901	0
2.6	80.402	1
23.801	31.701	0
79.295	18.9	1
10.8	99	0
62.5	21.5	0
78.197	35.799	0
46	52.496	0
41.902	53.201	1
16.4	62.5	1
73.902	34.201	1
9	37.701	1
84.5	54.004	1
58.299	27.4	1
75.902	12.3	1
31.201	30.4	0
20.1	85.197	0
75.902	82.902	0
53.898	36.398	1
72	45.598	0
40.098	18	1
25.701	61.5	1
35.5	93.098	1
31.799	8	0
15.4	56.303	0
77.902	94.803	1
8	15.299	0
82.803	90.106	1
30.4	19.301	0
87.303	85.795	1
83.803	70.598	1
2.2	36.098	1
63.902	29.4	0
34.598	7.6	0
5.2	82.902	1
91.795	18.299	1
42.697	67.402	1
16.1	88	1
45.5	56.598	1
60.902	80.803	1
95.303	49.098	0
74	34.5	1
79.098	93.902	0
88	61.697	0
24.299	77.106	1
52	38.201	1
69.5	69	1
46.398	1.8	0
49.701	12.701	1
81.902	64.205	0
37.701	57	1
85.098	47.299	1
76.205	63.205	1
51.201	74.598	0
52.799	80.5	1
50	93.303	1
33.5	64.606	1
25.5	61.697	0
42.898	35.701	1
31.098	52.398	0
8.901	42.398	1
25.9	67.098	1
58.701	96.303	0
79.098	55	0
29.301	74.902	1
56.197	56.598	1
73.098	96.902	1
18.199	22.301	1
21.5	96.697	0
53.602	12.4	1
87.197	72.197	0
12.9	16.799	0
28.402	80.197	0
42	97.197	0
56.402	58.898	0
92.098	64.705	0
19.1	28.9	1
64.098	65.303	1
54.5	8.6	0
89.098	64.303	0
70.902	31.402	1
84.598	22.5	0
80.098	54.799	0
61.598	81.598	0
44.902	3.7	0
64.705	3.1	1
55.902	75.598	0
90.205	55.295	0
71.303	95.303	1
91.394	2.5	0
53.898	18.799	0
78.197	80.098	0
59.898	95.098	0
87.5	96.697	1
45	37.701	1
92.402	38.5	0
58.398	95.598	1
52.898	93.803	1
89.098	65.803	1
29	73.295	1
59.201	88.402	1
84.598	89	1
73.902	17.801	0
42.799	84.697	0
15.701	84.197	0
7.5	26.498	1
8.2	53.799	0
39.701	29.1	0
75.197	44	1
75.303	35.701	1
72.394	52.496	1
1.7	28.098	0
99.098	18.9	1
12.1	13	1
8.2	71.5	0
37.799	40.598	0
70.098	52.996	0
48.5	30.199	1
11	9.4	0
35.5	13.9	1
38.402	58.799	0
28.5	58.701	1
16.201	62.402	0
31.201	98	0
32.201	0.6	0
49.098	74.5	0
33.701	81.902	0
26.801	93	0
62.5	58	1
25.5	16.9	1
76.402	73.5	0
2.4	59.398	1
75.902	21.699	1
57.205	73.795	0
91.098	43.902	0
29.9	0.4	0
85.902	36.898	0
88.902	29.6	1
82.598	49.201	0
80.5	22.1	0
37.402	88	0
58.496	15.2	1
80.098	60.902	1
81.098	42.201	0
64.606	84.098	1
61.098	29.4	0
87.598	79.795	0
87.803	1	0
44.602	63.098	1
69.803	7.901	1
46.299	98.098	0
61.197	27.5	1
90	50.402	0
51	33.5	1
66.598	2.4	1
89.303	92.598	0
66.598	97.295	1
72.197	31.701	0
47.402	8.1	0
75.098	86.598	1
14.301	43.598	1
59.602	92.098	0
43.098	12	0
32.201	99.697	0
83.5	44.602	0
57.701	84.5	0
86.098	8.8	1
14.901	88	0
59.799	29.699	0
96.598	5.7	0
58.701	69.803	0
56	26.199	0
12.1	18.299	0
94.303	30.898	1
95.803	1.7	0
92.697	40	0
36.197	50.902	1
13.2	80.402	1
99.098	44.5	0
47.701	54.799	1
46.098	78.098	0
3.9	96.303	0
51.303	96	0
50.303	93	0
66.197	50	1
11.901	68.598	0
57.205	82.803	1
6.1	65.303	0
35.201	8.5	1
87.197	14.7	0
46.902	80.295	0
68.5	72	0
25	42	1
56.098	17.299	0
65.902	88.5	0
96.803	28.701	1
2	43.598	1
57.303	0.2	0
13.9	63	1
77	86.5	1
73.402	84.894	1
25.799	38.902	1
84.5	32.5	1
15.801	8.5	0
67.295	77.5	1
78.894	71.697	0
99.697	35	0
10.3	24.201	1
90.803	28.098	0
34.799	59.602	1
8.299	38.402	0
92	78.894	1
90.5	96.303	1
48.201	93.697	0
77.205	72.795	0
1.4	15.001	1
14.901	52.898	0
2.3	43.902	1
1.5	16.4	1
80.902	2.7	0
78.697	72.5	1
55.803	31.5	1
8	47.299	0
76.705	17.201	1
67.402	34.799	0
77.303	58.602	1
76	71.803	0
66.394	95.803	1
43.398	36.197	1
19.201	15.299	0
98.697	18.299	1
80.197	50.5	1
93.902	70.598	1
63.803	28.299	1
16.1	92.295	0
1.5	51.402	0
9.5	46.299	1
93	64.606	1
33.299	5.4	1
99.5	51.303	0
73.902	63	0
30.799	75.803	0
96.106	49.598	1
56.598	65.106	1
32.201	84.894	1
78.098	13.7	1
90.402	5.9	1
97.598	67.295	1
52.898	69.303	0
75.098	24.1	0
74.697	24.1	1
20.801	29.6	1
69.197	89.303	1
77.803	5.4	1
68.5	3.6	0
7.5	51.898	1
52.701	11.7	0
24	90.5	0
50.303	69.197	0
96.402	82	0
51	8.8	1
14.7	9	1
72.394	48.5	1
80.598	65.5	0
80.598	9	1
5.7	81.098	0
47.701	12.6	1
62.697	22.1	0
83.402	67.098	1
9.5	75.402	0
30.301	96.303	0
56.902	47.098	0
39.098	94.598	0
97.795	45.898	1
51.201	81.197	1
92.795	90.402	1
10.401	72.697	1
60.799	54.799	1
19	65.106	1
37.299	54.598	1
81.902	41	0
44.5	12.701	0
90.402	65	0
48.201	9	1
70.5	66.902	0
45.402	90.697	1
73.902	21.1	1
53.898	67.197	1
7.4	77.402	0
81.803	49.098	0
19.799	49.398	1
26.699	36.799	0
36.701	32.602	1
6.8	99	0
82.205	88.705	1
18.9	85.902	1
31	14.7	1
85.098	73.295	0
35.5	48.5	0
17.9	3.1	1
95.402	97.5	1
32.201	31.201	1
32.102	52.398	1
48.299	21.799	1
78.402	93.5	1
40.799	1.8	0
54.5	67.598	1
82.803	69.902	0
79.5	96.5	0
78.5	53.602	1
75.705	4.8	1
80.598	97	1
41.701	24.699	0
63.5	27.799	1
0.7	13.501	0
93.5	65.902	1
8.4	35.799	1
81.803	64.205	1
15.4	94.197	0
47.098	69.5	1
89	98.295	1
51.598	39.098	1
61.5	42.799	0
89.303	17.801	1
74.098	40.5	0
66.902	17.9	1
37	12.5	1
74.295	74.197	0
73.902	40.5	0
74.098	12.2	1
27.5	16.799	1
16.598	38.299	1
13.501	80	1
10.9	97.697	0
18.9	33.701	1
24	24.5	0
45.5	45.299	0
3	90.697	0
48.201	12	0
78	57.303	0
78.795	62	0
21.799	8.7	1
65.303	17.6	1
25.701	29.6	0
80.5	69.197	0
23.199	72.795	1
42.299	52.102	0
79.197	63.402	0
46.799	3.8	0
2	3.6	0
15.5	95	1
33.299	50	0
47.098	79.197	0
95.705	96.5	1
6.5	71.902	0
77.803	97.894	0
44.803	80.402	0
81.402	6.7	0
83.902	8.8	1
10.8	7.901	1
7	47	0
6.1	73.697	1
25.9	19.201	1
23.701	33.299	1
44.201	95.303	1
49.5	25.098	1
85.795	85.098	1
72.795	65.303	0
85.902	97	0
65.803	91	0
59.701	2.5	1
91.098	44.402	0
62.598	82.705	0
19.402	56.803	1
0.7	58.098	1
56	72.394	1
91.795	54.598	0
53.201	89.205	1
67.197	78.197	1
89.205	72.697	0
80.902	71.205	0
83	85.5	0
11.599	40.902	1
43.902	38.402	0
93	63.402	1
61.299	72.598	0
31.701	90.205	1
70.705	34.598	0
45.697	8.299	0
21.299	44.602	0
54.902	97.5	0
84.5	72.598	0
89.402	64	0
53.299	88.205	1
55.697	72.394	1
65.402	32.102	0
55.402	62.598	1
44.102	79.197	1
36.098	12.9	0
68.303	93.197	0
76.402	11.201	0
95.803	50	0
54.5	35	1
19.799	8.2	0
46.902	87.5	0
61.697	73.197	0
86.5	19	1
69.902	7	1
0.5	99.197	0
14.4	3.4	1
89	28	0
69.098	10.7	0
28.402	76.098	0
86.295	87.697	1
26.301	57.701	1
71.598	25.701	0
76.098	2	1
64.5	3.3	0
68.098	43.299	1
61.5	77.5	1
88.705	49	0
50	79.402	1
20.4	67.402	0
36.098	99.5	0
65.106	52.201	1
26.1	8.5	1
19.201	31.602	0
83.5	40.402	0
7.1	86	0
52.102	87.098	0
88	15.5	0
99.402	41.701	1
9	11.8	0
51.303	99.598	0
90.205	27.902	0
23.1	87.098	0
86.197	66.598	0
7.901	17.701	0
35.701	54.701	1
27.201	30.199	0
69.598	13.401	0
89.902	10.7	1
83	99	1
26.199	2	0
38	41.803	1
65.5	87	0
74	86.197	0
24.5	18.5	0
7.8	38.201	0
52.299	93.402	1
92.697	61.598	0
5.4	84.197	1
93.803	35.402	0
15.4	60.102	1
42.898	92.098	0
91.197	51.098	0
16.5	64.402	0
19.5	65.106	1
64.402	83.205	0
4.3	2.1	0
13.799	61.299	1
69.705	14.5	1
98.5	76.098	0
16.4	13.2	1
67.795	30.799	1
98.697	33.398	1
55.697	77.205	1
29.199	88.098	1
42.799	72.197	0
94.902	42.5	1
52.996	58	0
49.701	46.902	0
77.705	38.803	1
40.5	37.299	0
62.697	73.697	1
82.705	56.402	0
96.902	6.8	1
35.902	37.598	1
53.701	51.799	0
72	84.795	0
84	53.602	1
87.303	78.894	0
13.401	90.697	1
19.301	27.5	1
73	38.602	0
4	34.598	1
39	83.606	1
21.1	51.303	0
41.299	38.201	1
67.295	33.799	0
24.1	36.098	1
92.598	99.598	0
35.299	15.9	1
77.606	11.599	1
85.902	62.803	0
8.1	41.299	1
91.098	92.295	1
96.5	6.7	1
54.902	24.6	1
97.197	49.799	0
47.799	94.598	0
81.803	30.799	1
51.303	60.201	1
97.295	53.799	1
87.902	85.902	0
72.598	25	0
3.3	49.598	0
69.197	75.5	1
53.898	71	1
43.701	86.098	1
49.598	18.701	1
45.5	0.4	1
92.795	61.098	1
70.205	34.299	0
53.504	61.098	0
35.102	65.106	1
69.598	68.197	1
10	82.205	1
71.402	38.803	1
74.402	92.902	0
44.902	26.498	1
41.402	98.902	0
39.201	76.5	0
98.098	0.1	0
39.799	22.6	0
71.902	21	1
53.504	35.5	1
25	74.902	1
9.3	58.496	0
87.803	43.299	1
7	66	0
78.402	25.701	1
40.701	85.795	0
82.205	34.402	1
35.299	77.205	0
68.402	86.098	0
78.697	72.894	0
23.9	53.701	0
95.205	62.598	1
61.598	45.5	1
73.098	19.301	1
57.902	94	1
37.598	66	1
37.701	10.3	1
6.9	65.402	1
63.5	25.799	0
97.697	41.5	0
69.598	69.705	0
72.295	18.6	1
73.598	43.5	0
33.398	69.598	1
45.697	99.902	1
25.098	90	1
52.201	82.5	0
19.201	36.701	0
39.098	86.098	1
56.803	31.602	0
10	69.803	1
73.098	15.801	0
78.894	24.299	1
91.197	76.803	1
77.402	45	1
39.201	43	0
55	31	0
98.795	36.299	1
25	13.501	1
17.801	40.201	1
23.1	10.3	1
36.299	33.598	1
23.9	88.303	1
13.7	10.599	0
13.6	68.197	1
56.697	28.299	0
1.7	54.102	0
32.102	4.1	1
33.398	67.197	1
14.301	86.5	1
91	28	0
45.898	39.098	1
78	75.803	0
24.299	76.303	1
65.902	28.299	1
87.5	49.598	1
14.1	88.402	0
87.5	81.5	1
71.697	68.697	1
35.299	79.598	1
65.205	47.799	0
31.201	15.9	1
88.098	70.098	0
71.303	33.299	1
20.4	38.299	1
67.295	32.799	0
8.5	35.701	0
17.1	5.2	1
55.197	19.301	1
91.902	97.894	1
30.799	66.394	1
26.801	65.205	0
6.1	61.402	1
39.299	86.402	0
87	8.7	0
95.402	75.705	0
47.402	29.9	0
38.5	83	0
90.106	51.303	0
78.795	89	1
25.5	15.9	1
11	75.598	0
15.299	76.902	0
29.6	22.799	1
77.106	56	0
37.598	35.602	0
96.5	23.701	0
50.598	90.902	0
66.902	82.205	1
52.701	15.4	0
80	33.598	0
66.795	60.5	1
41.201	21.5	0
46	79.402	0
63.701	25.701	0
43.201	63.303	0
38.201	4.1	1
75.803	96.697	1
62.697	70.705	0
44.803	63.902	1
38.102	5.9	1
43.902	14.8	1
75	83.5	1
51.898	83.5	1
31	82.803	1
27.598	87.902	0
42.799	56.5	0
69.402	32.5	0
24	32.201	1
20.902	60.102	0
0.1	31.799	0
15.099	8	1
21.9	9.3	1
85	76	1
37.098	0.3	0
25.299	99.697	1
99	68.098	1
9.099	82.902	0
90.303	16.1	0
8.2	67	0
36.701	97.598	1
56.902	91	0
79.402	7.5	1
8	96.303	0
70.402	97.295	1
92.598	41.299	0
79.295	2.4	0
45.697	35.299	0
59.602	17	0
0.9	7.901	0
60.102	43.398	1
41.402	45.402	0
78.197	67.5	1
47.602	8.6	0
78.303	9.6	1
98	87.803	1
42.598	9.6	0
26.1	10.3	1
5.8	58.098	0
95.402	40.098	0
35.299	84.697	1
90.902	44.5	1
93.197	3.8	0
17.201	63.402	0
38.602	38.402	0
32.402	15.6	0
65.303	88	0
18	38.602	1
60.398	84.795	0
20.299	35.799	0
33.598	92.795	0
7.6	13.099	0
10.9	35.102	0
67.197	99.402	0
49.902	43.299	1
45.299	11.7	0
40.598	57.701	0
54.201	5.6	1
69.098	50.5	1
20.201	70.902	0
19.699	40.902	1
57.799	13.501	0
28.602	62.803	0
34.098	60.902	0
11.3	72.894	0
80.697	99.902	1
16	58.398	0
77.803	9.3	1
77.705	61.902	0
51.402	10.3	1
51.898	8.7	0
2.4	19.301	0
65.402	89.098	0
97.5	12.8	1
23	13.7	0
22.701	96	0
60.398	86.598	1
17.9	37.598	1
54.201	37.5	0
54.004	46.701	1
16.5	40.5	1
98.402	57.598	1
97.598	63.303	1
80.598	79.598	1
22.201	34	0
42.799	63	1
63.598	71.205	0
19.5	77.205	0
32	46.799	1
75.402	68.402	0
29.301	35.701	1
46.902	30.1	0
45.697	71	1
76.705	22.301	1
88.303	45.598	0
65.402	90.402	0
88.803	22.1	1
58.996	64.098	0
8.7	5	1
19.301	87.197	1
81.197	44.402	0
51.701	6.3	1
49.098	34.799	1
27.002	82.902	0
36.598	31.701	1
81.402	50	0
51.201	69.303	1
77	54.701	0
57	91.5	1
37.5	70	1
12.5	38.402	0
18.098	92.795	1
61	31.299	1
48.201	42.598	1
45.5	45.201	1
74.598	1.8	0
34.701	95.205	0
4.6	49.902	1
7.6	67.402	1
63.402	17.4	1
55.803	70.098	0
9.2	56.803	0
40.598	61.795	0
20.902	81	1
49.598	71.303	1
49.799	58.398	1
20.6	77.5	1
62.402	91.598	1
69.803	7.2	1
37.098	14.7	0
85.394	9.4	0
12.1	52.799	1
89.803	30.598	1
43.701	32	1
73.402	77.902	1
21.4	75	0
32.902	90.902	1
14.7	32.799	0
31.299	17.201	0
94.705	80.197	0
82.705	36.098	0
79.295	56.098	1
18.098	42	1
33.5	7.4	1
72.197	91.5	0
20.201	23.6	1
71.803	17.701	0
98.295	53.102	1
27.4	57.799	0
58.098	82.303	1
23.5	39	0
48.299	26.1	0
15.001	71.697	0
77.106	43.598	0
99.098	41	1
45.5	83.5	1
58.602	90.697	1
7.4	30.4	1
68.902	75.098	1
44.299	67.598	1
28.799	4.9	1
54.201	57.303	0
36.5	46.799	0
84.303	75.598	0
25.098	2.4	1
29.1	5.7	0
92.902	41.201	1
22.402	31.5	1
23.1	99.598	1
38	22.799	0
1.7	42.098	0
74.902	51.701	1
7.1	11.8	0
39.098	47	1
79.5	61	0
61.902	59.201	1
43.598	93.902	1
95.902	25.402	1
16.301	21.699	0
98.902	22.5	0
41.299	99.5	1
77.705	51.598	1
75.303	62.098	1
30.1	81.598	1
51.402	57	1
85.5	56.098	1
62.197	77.205	0
15.701	82.402	1
8	85.902	0
41.602	16.1	0
14.7	47.402	1
38.299	29.6	1
1.6	7.2	1
64.5	82.402	0
90.598	54.102	1
2.2	33.197	0
24	79.5	1
71	37.799	1
6.7	43.201	1
58.602	50	0
91.197	59.299	1
23.5	43.299	1
62.402	13.6	1
55.197	79.598	0
15.001	48.102	1
5.1	39.5	0
74.5	46.598	1
26.4	32.201	1
7.5	72.894	0
48.898	4.1	0
73.598	66.598	1
8.5	30.002	1
78.697	82.5	1
69	56.902	1
58.201	43.701	0
3.2	47.098	1
14.5	47	0
2.4	13.3	0
49.299	59.299	0
11.7	60.902	0
1.7	59.299	0
82.598	70.705	0
24.4	11.1	1
86.902	80.803	1
39.598	67.697	0
7.4	88.303	0
91.902	29.6	1
40.201	18.5	0
31.201	20.5	0
47.701	46.701	0
59.602	10.1	0
90.205	89.803	1
59.701	10	0
35.102	32.602	0
28.602	39.799	1
58.098	19.9	0
22.5	36.197	0
50	8	0
65.402	34.799	0
35	95.303	1
3.6	24.6	1
14.4	30.799	0
6.9	70.205	1
74.197	64.205	1
34.098	61.402	1
76	12.701	1
29.1	6.4	1
0.5	77.902	1
69.098	93.598	0
34.299	96.205	0
17.9	91.098	0
75.098	63.902	1
74.902	44.5	0
22.6	94.803	0
56.5	75.098	1
17.1	55.697	1
1.9	24.9	1
37.201	95.803	0
69.098	33.299	1
64.803	39.299	1
83.5	45.299	0
45.898	12.5	0
50.803	60.5	0
45.898	48.299	1
58.898	22.9	0
98.402	90.697	1
0.4	66.902	0
21.1	83.098	1
37.402	5.8	0
85.098	72.598	0
99.402	30.4	0
10.9	2	0
64.098	83.205	0
12.5	91.902	0
64	58.098	1
28	98.902	1
32.902	21.699	0
34.799	71.697	1
36.701	64.5	1
16.201	90.697	0
18.5	94.5	0
25.9	24	0
40.902	84.795	0
62.5	51.201	1
54.902	90.402	0
15.099	74.197	0
77.303	9.6	0
48.402	57.402	1
39.799	9.099	1
69.902	3.3	0
89.402	94.098	1
3.8	58.201	0
2.5	35.5	0
20.5	83.803	0
71.598	97.598	1
62.598	84.894	1
11.201	61.197	0
0.7	2.4	1
92.902	3.1	0
20.201	25.098	1
52.799	24.799	1
83.098	84.402	0
15.701	92.697	1
15.801	74.697	0
28.9	44.902	0
55.098	81.902	1
54.701	78.098	1
93.902	69.197	0
92.902	41	0
66.098	17.801	0
91.394	10	0
83.303	63.902	0
27.4	78.303	1
6.8	77.303	0
22.1	21.1	0
92.5	67.902	0
53.504	84.098	0
28.9	56	0
45.201	70	0
7.7	20.299	1
35.5	58.701	0
83.205	1.2	0
81.598	18.199	1
23.801	59.898	1
48.201	64.705	0
58.098	40.902	1
74.598	62.803	0
15.299	97.098	0
0.6	3.4	0
67.5	44.602	0
6.1	48.402	1
39.398	56.303	0
53.201	22.799	1
32	63.402	0
38.402	49.598	1
72.795	43.799	0
83.606	20.902	0
62.197	10.2	0
3.7	9.6	1
4	48.697	0
93.197	35.402	0
98.697	57.701	1
11.7	57.402	1
96.205	37.5	0
45.402	66	1
98.598	98.697	1
57.701	12.1	1
21.699	96.902	1
98.098	97.598	1
94.5	25.799	0
26.6	26.699	1
37.5	24.4	0
17.201	4.2	0
92.902	95.205	1
13	34.598	0
99.197	83.705	1
19.1	61	0
60.201	78.697	1
51.303	59.504	1
94.598	44.201	0
72.795	82.205	0
9.2	2	1
55.295	80.197	0
54.701	56	1
31.5	67.795	1
4.6	60.799	0
29.801	13.9	1
89.902	78.098	1
14.7	7	0
69	48.201	1
43.902	93.303	0
5.4	49.5	1
97.894	52	0
7.1	51.898	1
7.8	75.402	1
10.7	90	0
90.902	63.098	1
31	68.902	1
82	61.598	1
15.2	59.898	1
23.801	18.098	0
27.002	7.6	0
3.1	11.5	1
18.701	4.2	1
20.801	83.803	1
76.803	98.795	0
89.098	26.498	0
96.205	37.402	0
98.295	97.894	1
43.598	54.102	1
54.201	29.199	1
75.598	23.701	1
34.902	76	1
5	51.402	1
40.402	98.697	0
3.8	88	0
19	12.6	1
12.1	96.697	1
13.9	60.102	1
67.197	8.1	1
7.6	37.799	0
72.394	5.4	1
76.705	38.803	0
30.1	21.9	0
62.803	60.398	0
96.803	53.398	0
28.701	78.402	1
75	61.299	1
13.6	36.898	1
71.902	30.301	0
37.5	81.803	1
6.3	86.598	0
34.701	40.902	1
56.803	10.3	0
18	18.199	1
63.205	9.2	0
43.902	51.303	0
27.701	40.799	0
23.5	45.697	0
43	60.398	1
84.197	57	1
33.098	39.201	1
74.598	75.098	1
72	71.598	1
9.3	94.5	1
88.598	54.402	1
99.803	11.8	0
85.795	54.902	0
85.197	25.299	0
27.4	22.201	1
6.7	54.5	0
89.303	56.098	1
25.701	9.2	1
7.5	76.303	1
35.102	33.398	0
25.299	24.299	0
52.102	7.8	1
65.402	22.9	0
54.402	35.201	1
91.394	83.402	0
78.098	69.598	1
4.5	17.299	1
35.201	53.398	1
36.799	52.102	0
65.902	6.7	0
29.498	81	1
29.6	78.697	1
28.602	81	1
22.6	98.598	1
23	58.098	1
75.5	52.398	1
29.1	60.602	0
60.102	58.398	1
68.803	13.9	0
88.598	15.6	0
58.799	8.7	1
3.2	39.098	1
62.197	34.299	1
87.098	89.098	0
84.697	20.701	1
38.201	35.402	0
61.598	80.5	1
1.9	94.705	1
2.8	75.705	1
77.803	32.402	0
71.106	23.9	1
43.799	86.598	1
76.705	7.1	1
21.699	10.3	0
18.5	90	1
10.3	83.5	0
7.901	42.697	1
87.803	5.4	1
96.902	18.799	0
40.902	65.303	0
63.303	62.902	1
67.795	10.7	1
45.201	58.898	1
27.5	40.201	1
57.402	15.6	0
8	2.6	1
25.299	56.197	0
81.697	44.902	0
5.7	54.102	0
1.1	60.299	0
52.201	73.5	0
87.303	77.205	0
49.799	94.197	1
62.303	73.197	1
13.2	29.301	0
40.701	92.295	0
53.398	87.598	1
70.598	34.098	0
64.303	76.402	0
92.197	70.303	0
69.197	12.6	0
80.5	26.699	1
98.402	66	0
89.205	16	0
77.705	5.6	1
35.701	91.795	0
53.799	15.5	0
53.398	45.598	0
80.5	71.303	0
30.701	49.799	1
32.102	69.098	1
65.697	44.5	0
27.701	63.598	1
6	63.303	1
72.598	14.5	1
70.205	81.098	1
99.902	54.701	1
59.299	78.303	1
42.5	25.5	0
1.5	36.799	0
39.201	95.098	0
90.402	59.701	1
46.5	28.201	0
23.6	78.197	0
96.902	25.799	1
70.5	21.6	1
67.197	39.701	1
83.902	37.201	0
52.602	43	1
13.799	27.902	1
70	76.402	0
24.799	32.602	0
11.8	97.098	0
12.4	80	1
9.5	12.1	0
42.598	0.8	1
14.1	70	0
50	45.102	1
76.705	75.5	0
55.598	5.5	0
80.5	9	0
9.8	46.902	0
1.5	10.599	0
52.102	80	0
9.701	37.598	1
54.102	13.401	1
18.9	33.299	0
0.8	48.697	1
75.303	47.799	1
27.701	79.5	0
13.799	18	0
48.402	49.701	0
57.701	53.398	0
26.4	61.402	1
30.1	43	0
88.5	21.799	0
37	62.598	0
50.197	93.697	1
11.201	50	1
8.6	62.402	0
81.5	66	1
14.1	7.901	0
28.098	8.4	0
62.098	17.4	0
38.402	74.803	1
43.799	34.701	1
39.5	33.5	0
90.303	35.5	1
56.303	58.898	0
28.5	94.197	1
85	61.098	1
50.5	85.598	0
87	34.402	1
90.106	2.1	0
88.205	47.402	0
34.299	98.902	1
81.5	6.4	1
77.803	24.9	0
99.295	39.299	0
0.9	21.299	0
10.8	6.1	0
72.5	98.197	0
16.9	47.402	1
28.098	74.098	0
50.705	83.402	0
92.402	62	0
66.295	5	0
58.201	72.894	0
98.697	79	0
31.902	68.098	1
94.197	37.098	0
91.598	37.5	0
77.705	20.6	1
2.7	3.7	1
26.801	15.6	0
28.201	29.699	1
26	76.098	0
53.102	78.795	0
62	16.4	0
57.098	22.402	0
36.098	99.5	1
27.5	55.197	0
61.098	71.5	1
86.902	46.799	0
48	87.5	1
97.894	36.398	0
60.299	75.303	0
31.701	66.902	0
69.303	53.299	1
73.795	16.201	0
44.299	18.098	0
13.7	22.9	1
25.701	56	1
44.803	34.201	0
90.803	19.1	1
7.6	54.701	1
69.402	0.9	1
63.402	43.299	1
79.795	55.803	1
23.801	11.3	0
65.402	34.201	1
37.799	54.299	0
56.902	62.697	0
94.598	93.5	1
63.598	32.402	0
72.5	83.303	1
85.295	26	0
62.197	28.701	1
5.7	46.701	1
57.205	31.602	0
35.402	55.402	0
75.803	32.701	1
54.5	26.801	0
33.898	51.898	1
25.6	21.1	1
21.699	11.4	0
42.799	23.299	1
98	1.7	1
24.1	98.5	0
1.8	11	1
68.598	22.9	0
30.898	28.098	1
45.799	40.098	0
44.102	31.902	1
70.205	8.8	1
3.8	56.5	0
66.902	70.098	1
15.9	81.902	1
80.295	60.5	1
46	78.795	1
64.205	29.1	0
15.001	55.598	0
19.402	49.098	1
52.102	30.701	1
71.303	49.902	1
94.303	30.598	0
76.902	42.299	0
31.402	76.303	0
68.197	82.902	1
11.3	65.402	1
77.606	40	1
64.705	4.1	1
56.598	83.205	1
48.102	45.598	1
89.803	14.599	0
80.697	0.6	0
84.303	62.803	1
3.6	40.201	1
42.5	82	1
93.697	95.705	1
24.4	59.299	0
40.701	97	1
35.902	98.598	0
76.402	55.902	0
34.201	44.602	0
35.102	95.598	0
40.598	67.598	1
23.9	41.803	1
61.197	6	1
97	54.102	0
34.402	8.5	1
92.197	96.5	0
67.5	20	1
46	32.201	0
43.902	82.803	1
43.5	7	0
1.5	37.201	0
29.1	3.1	0
93.5	52.602	0
49	97.197	1
71.697	14.201	1
91.598	6.4	1
26.301	78.598	1
15.801	92.5	1
83.902	24.699	1
6.6	78.795	1
66.098	98	0
31.701	25	0
11.5	80.5	0
89.402	55.598	1
79.902	41.902	0
96.106	23.801	1
90.803	92.197	1
5.8	52	1
36.197	1.9	0
98.902	9.9	0
1.5	1.9	1
45.299	69.098	0
87	43.598	1
18	28.5	0
74.295	17	1
2.7	31.402	1
98.295	22.5	1
31.402	70	0
6.6	62.098	0
93	82.5	1
91	9.701	1
96.106	7.8	1
73	24.4	1
52.602	11	1
74.197	50.5	1
79.697	29.1	0
60.5	63.098	1
50.098	49.201	0
75.197	16.1	0
65.598	54.402	1
67.697	35.701	1
99.5	88.098	1
68.803	27.4	0
66.394	18	1
36	3.8	0
51.201	41.701	1
49.398	43	1
62	53.398	1
44.902	85.902	0
39.701	88.098	1
26.199	39.299	1
95.402	15.701	1
78.197	97.598	0
41.102	22.799	1
28.701	86.402	0
60.398	23.801	1
22.402	78.5	1
0.4	88.902	0
23.1	95.303	0
39	81	1
29.4	97	1
23.9	9.9	1
51	12.3	1
32.201	73.295	0
73	73.295	1
26.4	8.8	0
18.299	15.299	0
46.799	86.402	0
53.799	57.598	0
72.598	83.402	0
9.099	74.697	0
7.8	16	1
89.606	64.402	1
90	14.5	0
14.901	38.102	0
25.299	26.9	1
32.303	70.402	0
76	97.5	0
7	40.598	0
2.6	90	0
39.598	74.803	1
53.504	85.902	0
1.1	9	0
8.2	83.705	1
79.295	32.602	0
80.697	11.901	0
16.201	60.902	0
10.3	89.402	0
36.598	80.803	1
95.598	63.402	1
75.303	81.402	0
51.701	49.398	1
29.498	58.299	1
14.8	32.701	1
99.098	64.803	1
35.701	51.402	1
50.303	7	1
27.4	96.303	0
86.5	10.9	0
4.6	52.398	0
39.598	64.205	1
36.598	83.5	0
51	85	0
97.5	58.299	1
23.299	43.598	1
25.9	67.598	1
66.697	3.6	0
87.803	44.402	1
29.1	32.902	1
5.6	7.3	0
47.201	51.402	0
21.199	31.201	0
73.197	1.3	1
89.705	34.402	0
64.098	17.6	1
34.201	62.803	0
12.3	38.803	1
30.701	83.705	0
45.402	16.598	0
18.9	32.402	0
79.295	29.498	0
78.697	53.398	0
6	73.5	0
37.5	10.401	1
31.701	41.299	1
56.697	54.102	0
48.898	26.6	1
98.902	5.4	1
69	64	0
93.902	4.9	0
54.799	62.902	0
45.898	64.606	0
67.598	87.598	1
4.6	39	0
85.902	38.902	0
51.5	77.205	0
27.1	44.299	1
40.201	11.201	1
17.801	12.701	0
71.402	71.402	1
0.8	52.299	0
4	93.197	0
79.5	0.2	0
82.402	29.1	1
98.5	69.402	1
82.5	83.902	0
10.5	9.8	1
38.902	86.5	0
68.902	40.201	1
95.803	93.303	1
43.5	64.705	0
45.5	14.4	1
5	61.5	0
55.295	72.295	0
81.598	2.8	1
10.1	30.5	1
99.295	79.5	0
2.6	38.902	0
98.902	18.5	0
82.303	60.004	0
31.299	67.295	0
79.5	57.799	1
60.799	35.299	0
32.303	6.2	0
72.098	94.197	0
0.4	1.1	0
36.898	20.4	0
1.8	60.701	0
97.795	53.102	1
34.402	78.303	0
30.701	85.394	0
1.7	93.303	1
29.801	81.303	1
89.402	16.201	0
21.5	80.598	1
12.8	4.4	0
60.299	75.197	0
74.5	76.902	0
43.398	45.598	0
95.803	3.6	1
2.8	22.402	0
72.795	11.1	1
99.402	8.4	0
41.201	65.803	1
6.3	82.205	0
92.697	41.902	0
53.299	85.295	0
14.1	44.701	1
10.599	91.394	0
66.795	44	0
16.201	76.303	1
8.5	1.6	1
71.106	32.303	0
45.898	9.2	1
50.098	7.3	1
3.1	91.598	1
2.7	65.598	1
9.8	82.598	1
65.598	21.6	0
88.402	28.098	1
47.402	64.205	0
41.402	86.402	0
22.1	33.799	1
19.5	41.5	0
83.303	57.598	1
72.394	75.303	0
6.1	71.106	1
77.205	62.697	1
65.106	22.6	0
76.803	63.598	0
58	69.902	1
70.803	78.098	0
82.902	9.4	1
66.598	92.295	1
47.402	58.996	0
42	25.098	1
7.4	5.4	1
19.6	75.705	0
10.7	75.5	1
86.5	73.197	0
28.799	33.598	1
78.894	57.303	0
99.197	21	1
31	55	1
90.5	5.3	0
93	59.299	1
14	43	1
43	27.299	1
70.705	14.7	1
10.3	57.902	0
41.602	26.301	0
20.201	13.7	1
19.201	10.7	1
85.795	14.7	1
77.606	84.894	0
57.701	1.5	0
97.394	33.898	0
24.9	1.1	1
4.3	88.402	1
78.598	48	1
57.598	30.799	1
31.902	9.8	1
57.5	65.803	1
37.201	5.3	0
62.697	86.902	0
20.299	84.197	1
99.5	66	1
45.5	22.6	1
77.902	83.098	1
3.2	72.197	0
58.701	19.699	1
48.898	97.5	0
55.5	78.303	0
30.199	58.799	0
61.5	65.303	0
25.799	60.201	1
0	24.699	1
89.606	16	1
74.803	67.902	0
44.803	81.098	1
48.697	99.697	0
10.8	16.699	1
26.6	3.5	0
37.098	90.303	1
25.098	17.1	0
77.402	80.902	0
21.199	97.295	0
80.197	27.701	0
16	47.701	1
3.7	46.398	1
95.5	57.303	1
5.2	66	1
44.201	3.9	1
74	42.598	1
37.201	54.902	1
7.2	72.295	0
11.1	25.201	0
38.701	41.902	0
36.5	94.197	1
87.803	73.5	0
95.205	5.5	1
49.201	91.295	1
10	18.701	1
37.902	14.5	0
30.799	5.4	0
19.799	67	1
55.197	53.201	0
23.299	42.098	1
78.894	13.799	0
82.098	48.898	1
70.098	46	1
16.5	6	1
48.102	33.701	0
65.5	33.299	0
20.5	6.8	1
94.303	15.5	1
61.902	39.598	1
40.902	17.701	1
31.402	44.602	1
89.402	5.8	1
98.295	52.102	0
34.402	18.199	1
50.902	48.201	0
60.102	37.402	0
16.201	37.701	1
45.697	27.701	1
53.799	43.598	1
84.697	27.902	0
81.5	63.5	1
41.803	58.996	0
0.9	16.4	1
96.803	31.5	1
98.697	78.402	1
71	61.795	0
92.598	42.098	1
21.699	5.7	1
56.197	86.902	1
15.701	8.2	0
93.803	20.701	1
46	33.398	0
60.701	10.9	1
85.697	42.898	1
22.402	56.598	0
50.902	93.197	0
18.5	98	1
6.6	97.394	1
31.299	58.398	1
85.5	39	1
64.803	26.1	0
62.697	65.902	1
8.901	38.602	0
26.1	90.106	0
88.402	30.799	0
97.098	39.098	0
3.1	86	0
8.1	91	0
33.398	13.2	1
58.098	92.098	1
72.098	76.803	0
28.098	82.598	0
66.098	95.5	1
11.3	44.402	0
19.699	74.295	0
54.902	34.799	0
42.697	61.697	0
51.201	90.106	1
72.894	44.402	0
90.598	67.902	0
94.902	2.9	1
70.705	0.7	0
52.496	65.5	0
1	89.303	0
47.902	16	0
54.102	67.402	1
46	86.697	1
56.098	25.701	0
94.098	59.201	1
88.5	60.004	1
82.205	88.902	1
42.598	18.199	1
53.898	9.4	1
37.299	81.5	1
85.697	53.102	0
23.199	19.799	0
45.402	90.402	0
17.299	69.803	1
69.902	64.098	0
75.705	70.803	0
87.197	95.902	1
53.701	48	1
48.898	91.197	1
18.199	8.2	0
95.205	37	1
13.401	68.303	1
35.5	63.803	0
36.5	14	0
